1.34 2.85 6.97 
1.34 2.87 6.95 
1.34 2.95 6.87 
1.34 2.97 6.85 
1.34 6.85 2.97 
1.34 6.87 2.95 
1.34 6.95 2.87 
1.34 6.97 2.85 
1.35 2.84 6.97 
1.35 2.87 6.94 
1.35 2.94 6.87 
1.35 2.97 6.84 
1.35 6.87 2.94 
1.35 6.94 2.87 
1.35 6.97 2.84 
1.37 2.84 6.95 
1.37 2.85 6.94 
1.37 2.94 6.85 
1.37 2.95 6.84 
1.37 6.84 2.95 
1.37 6.85 2.94 
1.37 6.94 2.85 
1.37 6.95 2.84 
1.42 3.76 5.98 
1.42 3.78 5.96 
1.42 3.96 5.78 
1.42 3.98 5.76 
1.42 5.76 3.98 
1.42 5.78 3.96 
1.42 5.96 3.78 
1.42 5.98 3.76 
1.43 2.75 6.98 
1.43 2.78 6.95 
1.43 2.95 6.78 
1.43 2.98 6.75 
1.43 6.75 2.98 
1.43 6.78 2.95 
1.43 6.95 2.78 
1.43 6.98 2.75 
1.45 2.73 6.98 
1.45 2.78 6.93 
1.45 2.93 6.78 
1.45 2.98 6.73 
1.45 6.73 2.98 
1.45 6.93 2.78 
1.45 6.98 2.73 
1.46 3.72 5.98 
1.46 3.78 5.92 
1.46 3.92 5.78 
1.46 3.98 5.72 
1.46 5.72 3.98 
1.46 5.78 3.92 
1.46 5.92 3.78 
1.46 5.98 3.72 
1.48 2.73 6.95 
1.48 2.75 6.93 
1.48 2.93 6.75 
1.48 2.95 6.73 
1.48 3.72 5.96 
1.48 3.76 5.92 
1.48 3.92 5.76 
1.48 3.96 5.72 
1.48 5.72 3.96 
1.48 5.76 3.92 
1.48 5.92 3.76 
1.48 5.96 3.72 
1.48 6.73 2.95 
1.48 6.75 2.93 
1.48 6.93 2.75 
1.48 6.95 2.73 
1.53 2.74 6.89 
1.53 2.79 6.84 
1.53 2.84 6.79 
1.53 2.89 6.74 
1.53 6.74 2.89 
1.53 6.79 2.84 
1.53 6.84 2.79 
1.53 6.89 2.74 
1.54 2.73 6.89 
1.54 2.79 6.83 
1.54 2.83 6.79 
1.54 2.89 6.73 
1.54 6.79 2.83 
1.54 6.83 2.79 
1.54 6.89 2.73 
1.59 2.73 6.84 
1.59 2.74 6.83 
1.59 2.83 6.74 
1.59 2.84 6.73 
1.59 6.73 2.84 
1.59 6.74 2.83 
1.59 6.83 2.74 
1.59 6.84 2.73 
1.72 3.46 5.98 
1.72 3.48 5.96 
1.72 3.96 5.48 
1.72 3.98 5.46 
1.72 5.46 3.98 
1.72 5.48 3.96 
1.72 5.96 3.48 
1.72 5.98 3.46 
1.73 2.45 6.98 
1.73 2.48 6.95 
1.73 2.54 6.89 
1.73 2.59 6.84 
1.73 2.84 6.59 
1.73 2.89 6.54 
1.73 2.95 6.48 
1.73 2.98 6.45 
1.73 6.45 2.98 
1.73 6.48 2.95 
1.73 6.59 2.84 
1.73 6.84 2.59 
1.73 6.89 2.54 
1.73 6.95 2.48 
1.73 6.98 2.45 
1.74 2.53 6.89 
1.74 2.59 6.83 
1.74 2.83 6.59 
1.74 2.89 6.53 
1.74 6.59 2.83 
1.74 6.83 2.59 
1.74 6.89 2.53 
1.75 2.43 6.98 
1.75 2.48 6.93 
1.75 2.93 6.48 
1.75 2.98 6.43 
1.75 6.43 2.98 
1.75 6.48 2.93 
1.75 6.93 2.48 
1.75 6.98 2.43 
1.76 3.42 5.98 
1.76 3.48 5.92 
1.76 3.92 5.48 
1.76 3.98 5.42 
1.76 5.42 3.98 
1.76 5.48 3.92 
1.76 5.92 3.48 
1.76 5.98 3.42 
1.78 2.43 6.95 
1.78 2.45 6.93 
1.78 2.93 6.45 
1.78 2.95 6.43 
1.78 3.42 5.96 
1.78 3.46 5.92 
1.78 3.92 5.46 
1.78 3.96 5.42 
1.78 5.42 3.96 
1.78 5.46 3.92 
1.78 5.92 3.46 
1.78 5.96 3.42 
1.78 6.43 2.95 
1.78 6.45 2.93 
1.78 6.93 2.45 
1.78 6.95 2.43 
1.79 2.53 6.84 
1.79 2.54 6.83 
1.79 2.83 6.54 
1.79 2.84 6.53 
1.79 6.53 2.84 
1.79 6.54 2.83 
1.79 6.83 2.54 
1.79 6.84 2.53 
1.83 2.54 6.79 
1.83 2.59 6.74 
1.83 2.74 6.59 
1.83 2.79 6.54 
1.83 6.54 2.79 
1.83 6.59 2.74 
1.83 6.74 2.59 
1.83 6.79 2.54 
1.84 2.35 6.97 
1.84 2.37 6.95 
1.84 2.53 6.79 
1.84 2.59 6.73 
1.84 2.73 6.59 
1.84 2.79 6.53 
1.84 2.95 6.37 
1.84 2.97 6.35 
1.84 6.35 2.97 
1.84 6.37 2.95 
1.84 6.53 2.79 
1.84 6.59 2.73 
1.84 6.73 2.59 
1.84 6.79 2.53 
1.84 6.95 2.37 
1.84 6.97 2.35 
1.85 2.34 6.97 
1.85 2.37 6.94 
1.85 2.94 6.37 
1.85 2.97 6.34 
1.85 6.37 2.94 
1.85 6.94 2.37 
1.85 6.97 2.34 
1.87 2.34 6.95 
1.87 2.35 6.94 
1.87 2.94 6.35 
1.87 2.95 6.34 
1.87 6.34 2.95 
1.87 6.35 2.94 
1.87 6.94 2.35 
1.87 6.95 2.34 
1.89 2.53 6.74 
1.89 2.54 6.73 
1.89 2.73 6.54 
1.89 2.74 6.53 
1.89 6.53 2.74 
1.89 6.54 2.73 
1.89 6.73 2.54 
1.89 6.74 2.53 
1.92 3.46 5.78 
1.92 3.48 5.76 
1.92 3.76 5.48 
1.92 3.78 5.46 
1.92 5.46 3.78 
1.92 5.48 3.76 
1.92 5.76 3.48 
1.92 5.78 3.46 
1.93 2.45 6.78 
1.93 2.48 6.75 
1.93 2.75 6.48 
1.93 2.78 6.45 
1.93 6.45 2.78 
1.93 6.48 2.75 
1.93 6.75 2.48 
1.93 6.78 2.45 
1.94 2.35 6.87 
1.94 2.37 6.85 
1.94 2.85 6.37 
1.94 2.87 6.35 
1.94 6.35 2.87 
1.94 6.37 2.85 
1.94 6.85 2.37 
1.94 6.87 2.35 
1.95 2.34 6.87 
1.95 2.37 6.84 
1.95 2.43 6.78 
1.95 2.48 6.73 
1.95 2.73 6.48 
1.95 2.78 6.43 
1.95 2.84 6.37 
1.95 2.87 6.34 
1.95 6.34 2.87 
1.95 6.37 2.84 
1.95 6.43 2.78 
1.95 6.48 2.73 
1.95 6.73 2.48 
1.95 6.84 2.37 
1.95 6.87 2.34 
1.96 3.42 5.78 
1.96 3.48 5.72 
1.96 3.72 5.48 
1.96 3.78 5.42 
1.96 5.42 3.78 
1.96 5.48 3.72 
1.96 5.72 3.48 
1.96 5.78 3.42 
1.97 2.34 6.85 
1.97 2.35 6.84 
1.97 2.84 6.35 
1.97 2.85 6.34 
1.97 6.34 2.85 
1.97 6.35 2.84 
1.97 6.84 2.35 
1.97 6.85 2.34 
1.98 2.43 6.75 
1.98 2.45 6.73 
1.98 2.73 6.45 
1.98 2.75 6.43 
1.98 3.42 5.76 
1.98 3.46 5.72 
1.98 3.72 5.46 
1.98 3.76 5.42 
1.98 5.42 3.76 
1.98 5.46 3.72 
1.98 5.72 3.46 
1.98 5.76 3.42 
1.98 6.43 2.75 
1.98 6.45 2.73 
1.98 6.73 2.45 
1.98 6.75 2.43 
2.34 1.85 6.97 
2.34 1.87 6.95 
2.34 1.95 6.87 
2.34 1.97 6.85 
2.34 6.85 1.97 
2.34 6.87 1.95 
2.34 6.95 1.87 
2.34 6.97 1.85 
2.35 1.84 6.97 
2.35 1.87 6.94 
2.35 1.94 6.87 
2.35 1.97 6.84 
2.35 6.87 1.94 
2.35 6.94 1.87 
2.35 6.97 1.84 
2.37 1.84 6.95 
2.37 1.85 6.94 
2.37 1.94 6.85 
2.37 1.95 6.84 
2.37 6.84 1.95 
2.37 6.85 1.94 
2.37 6.94 1.85 
2.37 6.95 1.84 
2.43 1.75 6.98 
2.43 1.78 6.95 
2.43 1.95 6.78 
2.43 1.98 6.75 
2.43 6.75 1.98 
2.43 6.78 1.95 
2.43 6.95 1.78 
2.43 6.98 1.75 
2.45 1.73 6.98 
2.45 1.78 6.93 
2.45 1.93 6.78 
2.45 1.98 6.73 
2.45 6.73 1.98 
2.45 6.93 1.78 
2.45 6.98 1.73 
2.48 1.73 6.95 
2.48 1.75 6.93 
2.48 1.93 6.75 
2.48 1.95 6.73 
2.48 6.73 1.95 
2.48 6.75 1.93 
2.48 6.93 1.75 
2.48 6.95 1.73 
2.51 3.67 4.98 
2.51 3.68 4.97 
2.51 3.76 4.89 
2.51 3.79 4.86 
2.51 3.86 4.79 
2.51 3.89 4.76 
2.51 3.97 4.68 
2.51 3.98 4.67 
2.51 4.67 3.98 
2.51 4.68 3.97 
2.51 4.79 3.86 
2.51 4.86 3.79 
2.51 4.89 3.76 
2.51 4.97 3.68 
2.51 4.98 3.67 
2.53 1.74 6.89 
2.53 1.79 6.84 
2.53 1.84 6.79 
2.53 1.89 6.74 
2.53 6.74 1.89 
2.53 6.79 1.84 
2.53 6.84 1.79 
2.53 6.89 1.74 
2.54 1.73 6.89 
2.54 1.79 6.83 
2.54 1.83 6.79 
2.54 1.89 6.73 
2.54 6.79 1.83 
2.54 6.83 1.79 
2.54 6.89 1.73 
2.56 3.71 4.89 
2.56 3.79 4.81 
2.56 3.81 4.79 
2.56 3.89 4.71 
2.56 4.71 3.89 
2.56 4.79 3.81 
2.56 4.81 3.79 
2.56 4.89 3.71 
2.57 3.61 4.98 
2.57 3.68 4.91 
2.57 3.91 4.68 
2.57 3.98 4.61 
2.57 4.61 3.98 
2.57 4.68 3.91 
2.57 4.91 3.68 
2.57 4.98 3.61 
2.58 3.61 4.97 
2.58 3.67 4.91 
2.58 3.91 4.67 
2.58 3.97 4.61 
2.58 4.61 3.97 
2.58 4.67 3.91 
2.58 4.91 3.67 
2.58 4.97 3.61 
2.59 1.73 6.84 
2.59 1.74 6.83 
2.59 1.83 6.74 
2.59 1.84 6.73 
2.59 3.71 4.86 
2.59 3.76 4.81 
2.59 3.81 4.76 
2.59 3.86 4.71 
2.59 4.71 3.86 
2.59 4.76 3.81 
2.59 4.81 3.76 
2.59 4.86 3.71 
2.59 6.73 1.84 
2.59 6.74 1.83 
2.59 6.83 1.74 
2.59 6.84 1.73 
2.61 3.57 4.98 
2.61 3.58 4.97 
2.61 3.97 4.58 
2.61 3.98 4.57 
2.61 4.57 3.98 
2.61 4.58 3.97 
2.61 4.97 3.58 
2.61 4.98 3.57 
2.67 3.51 4.98 
2.67 3.58 4.91 
2.67 3.91 4.58 
2.67 3.98 4.51 
2.67 4.51 3.98 
2.67 4.58 3.91 
2.67 4.91 3.58 
2.67 4.98 3.51 
2.68 3.51 4.97 
2.68 3.57 4.91 
2.68 3.91 4.57 
2.68 3.97 4.51 
2.68 4.57 3.91 
2.68 4.91 3.57 
2.68 4.97 3.51 
2.71 3.56 4.89 
2.71 3.59 4.86 
2.71 3.86 4.59 
2.71 3.89 4.56 
2.71 4.56 3.89 
2.71 4.59 3.86 
2.71 4.86 3.59 
2.71 4.89 3.56 
2.73 1.45 6.98 
2.73 1.48 6.95 
2.73 1.54 6.89 
2.73 1.59 6.84 
2.73 1.84 6.59 
2.73 1.89 6.54 
2.73 1.95 6.48 
2.73 1.98 6.45 
2.73 6.45 1.98 
2.73 6.48 1.95 
2.73 6.59 1.84 
2.73 6.84 1.59 
2.73 6.89 1.54 
2.73 6.95 1.48 
2.73 6.98 1.45 
2.74 1.53 6.89 
2.74 1.59 6.83 
2.74 1.83 6.59 
2.74 1.89 6.53 
2.74 6.59 1.83 
2.74 6.83 1.59 
2.74 6.89 1.53 
2.75 1.43 6.98 
2.75 1.48 6.93 
2.75 1.93 6.48 
2.75 1.98 6.43 
2.75 6.43 1.98 
2.75 6.48 1.93 
2.75 6.93 1.48 
2.75 6.98 1.43 
2.76 3.51 4.89 
2.76 3.59 4.81 
2.76 3.81 4.59 
2.76 3.89 4.51 
2.76 4.59 3.81 
2.76 4.81 3.59 
2.76 4.89 3.51 
2.78 1.43 6.95 
2.78 1.45 6.93 
2.78 1.93 6.45 
2.78 1.95 6.43 
2.78 6.43 1.95 
2.78 6.45 1.93 
2.78 6.93 1.45 
2.78 6.95 1.43 
2.79 1.53 6.84 
2.79 1.54 6.83 
2.79 1.83 6.54 
2.79 1.84 6.53 
2.79 3.51 4.86 
2.79 3.56 4.81 
2.79 3.81 4.56 
2.79 3.86 4.51 
2.79 4.51 3.86 
2.79 4.56 3.81 
2.79 4.81 3.56 
2.79 4.86 3.51 
2.79 6.53 1.84 
2.79 6.54 1.83 
2.79 6.83 1.54 
2.79 6.84 1.53 
2.81 3.56 4.79 
2.81 3.59 4.76 
2.81 3.76 4.59 
2.81 3.79 4.56 
2.81 4.56 3.79 
2.81 4.59 3.76 
2.81 4.76 3.59 
2.81 4.79 3.56 
2.83 1.54 6.79 
2.83 1.59 6.74 
2.83 1.74 6.59 
2.83 1.79 6.54 
2.83 6.54 1.79 
2.83 6.59 1.74 
2.83 6.74 1.59 
2.83 6.79 1.54 
2.84 1.35 6.97 
2.84 1.37 6.95 
2.84 1.53 6.79 
2.84 1.59 6.73 
2.84 1.73 6.59 
2.84 1.79 6.53 
2.84 1.95 6.37 
2.84 1.97 6.35 
2.84 6.35 1.97 
2.84 6.37 1.95 
2.84 6.53 1.79 
2.84 6.59 1.73 
2.84 6.73 1.59 
2.84 6.79 1.53 
2.84 6.95 1.37 
2.84 6.97 1.35 
2.85 1.34 6.97 
2.85 1.37 6.94 
2.85 1.94 6.37 
2.85 1.97 6.34 
2.85 6.37 1.94 
2.85 6.94 1.37 
2.85 6.97 1.34 
2.86 3.51 4.79 
2.86 3.59 4.71 
2.86 3.71 4.59 
2.86 3.79 4.51 
2.86 4.51 3.79 
2.86 4.59 3.71 
2.86 4.71 3.59 
2.86 4.79 3.51 
2.87 1.34 6.95 
2.87 1.35 6.94 
2.87 1.94 6.35 
2.87 1.95 6.34 
2.87 6.34 1.95 
2.87 6.35 1.94 
2.87 6.94 1.35 
2.87 6.95 1.34 
2.89 1.53 6.74 
2.89 1.54 6.73 
2.89 1.73 6.54 
2.89 1.74 6.53 
2.89 3.51 4.76 
2.89 3.56 4.71 
2.89 3.71 4.56 
2.89 3.76 4.51 
2.89 4.56 3.71 
2.89 4.71 3.56 
2.89 6.53 1.74 
2.89 6.54 1.73 
2.89 6.73 1.54 
2.89 6.74 1.53 
2.91 3.57 4.68 
2.91 3.58 4.67 
2.91 3.67 4.58 
2.91 3.68 4.57 
2.91 4.58 3.67 
2.91 4.67 3.58 
2.91 4.68 3.57 
2.93 1.45 6.78 
2.93 1.48 6.75 
2.93 1.75 6.48 
2.93 1.78 6.45 
2.93 6.45 1.78 
2.93 6.48 1.75 
2.93 6.75 1.48 
2.93 6.78 1.45 
2.94 1.35 6.87 
2.94 1.37 6.85 
2.94 1.85 6.37 
2.94 1.87 6.35 
2.94 6.35 1.87 
2.94 6.37 1.85 
2.94 6.85 1.37 
2.94 6.87 1.35 
2.95 1.34 6.87 
2.95 1.37 6.84 
2.95 1.43 6.78 
2.95 1.48 6.73 
2.95 1.73 6.48 
2.95 1.78 6.43 
2.95 1.84 6.37 
2.95 1.87 6.34 
2.95 6.34 1.87 
2.95 6.37 1.84 
2.95 6.43 1.78 
2.95 6.48 1.73 
2.95 6.73 1.48 
2.95 6.84 1.37 
2.95 6.87 1.34 
2.97 1.34 6.85 
2.97 1.35 6.84 
2.97 1.84 6.35 
2.97 1.85 6.34 
2.97 3.51 4.68 
2.97 3.58 4.61 
2.97 3.61 4.58 
2.97 3.68 4.51 
2.97 4.58 3.61 
2.97 4.61 3.58 
2.97 4.68 3.51 
2.97 6.35 1.84 
2.97 6.85 1.34 
2.98 1.43 6.75 
2.98 1.45 6.73 
2.98 1.73 6.45 
2.98 1.75 6.43 
2.98 3.51 4.67 
2.98 3.57 4.61 
2.98 3.61 4.57 
2.98 3.67 4.51 
2.98 4.51 3.67 
2.98 4.57 3.61 
2.98 4.61 3.57 
2.98 4.67 3.51 
2.98 6.43 1.75 
2.98 6.45 1.73 
2.98 6.73 1.45 
2.98 6.75 1.43 
3.42 1.76 5.98 
3.42 1.78 5.96 
3.42 1.96 5.78 
3.42 1.98 5.76 
3.42 5.76 1.98 
3.42 5.96 1.78 
3.42 5.98 1.76 
3.46 1.72 5.98 
3.46 1.78 5.92 
3.46 1.92 5.78 
3.46 1.98 5.72 
3.46 5.72 1.98 
3.46 5.78 1.92 
3.46 5.92 1.78 
3.48 1.72 5.96 
3.48 1.76 5.92 
3.48 1.92 5.76 
3.48 1.96 5.72 
3.48 5.72 1.96 
3.48 5.76 1.92 
3.48 5.92 1.76 
3.51 2.67 4.98 
3.51 2.68 4.97 
3.51 2.76 4.89 
3.51 2.79 4.86 
3.51 2.86 4.79 
3.51 2.89 4.76 
3.51 2.97 4.68 
3.51 2.98 4.67 
3.51 4.67 2.98 
3.51 4.68 2.97 
3.51 4.79 2.86 
3.51 4.86 2.79 
3.51 4.89 2.76 
3.51 4.97 2.68 
3.51 4.98 2.67 
3.56 2.71 4.89 
3.56 2.79 4.81 
3.56 2.81 4.79 
3.56 2.89 4.71 
3.56 4.79 2.81 
3.56 4.81 2.79 
3.56 4.89 2.71 
3.57 2.61 4.98 
3.57 2.68 4.91 
3.57 2.91 4.68 
3.57 2.98 4.61 
3.57 4.61 2.98 
3.57 4.68 2.91 
3.57 4.91 2.68 
3.57 4.98 2.61 
3.58 2.61 4.97 
3.58 2.67 4.91 
3.58 2.91 4.67 
3.58 2.97 4.61 
3.58 4.67 2.91 
3.58 4.91 2.67 
3.59 2.71 4.86 
3.59 2.76 4.81 
3.59 2.81 4.76 
3.59 2.86 4.71 
3.59 4.71 2.86 
3.59 4.76 2.81 
3.59 4.81 2.76 
3.59 4.86 2.71 
3.61 2.57 4.98 
3.61 2.58 4.97 
3.61 2.97 4.58 
3.61 2.98 4.57 
3.61 4.57 2.98 
3.61 4.58 2.97 
3.61 4.97 2.58 
3.61 4.98 2.57 
3.67 2.51 4.98 
3.67 2.58 4.91 
3.67 2.91 4.58 
3.67 2.98 4.51 
3.67 4.51 2.98 
3.67 4.58 2.91 
3.67 4.91 2.58 
3.67 4.98 2.51 
3.68 2.51 4.97 
3.68 2.57 4.91 
3.68 2.91 4.57 
3.68 2.97 4.51 
3.68 4.57 2.91 
3.68 4.91 2.57 
3.68 4.97 2.51 
3.71 2.56 4.89 
3.71 2.59 4.86 
3.71 2.86 4.59 
3.71 2.89 4.56 
3.71 4.59 2.86 
3.71 4.86 2.59 
3.71 4.89 2.56 
3.72 1.46 5.98 
3.72 1.48 5.96 
3.72 1.96 5.48 
3.72 1.98 5.46 
3.72 5.46 1.98 
3.72 5.48 1.96 
3.72 5.96 1.48 
3.72 5.98 1.46 
3.76 1.42 5.98 
3.76 1.48 5.92 
3.76 1.92 5.48 
3.76 1.98 5.42 
3.76 2.51 4.89 
3.76 2.59 4.81 
3.76 2.81 4.59 
3.76 2.89 4.51 
3.76 4.59 2.81 
3.76 4.81 2.59 
3.76 4.89 2.51 
3.76 5.42 1.98 
3.76 5.48 1.92 
3.76 5.92 1.48 
3.76 5.98 1.42 
3.78 1.42 5.96 
3.78 1.46 5.92 
3.78 1.92 5.46 
3.78 1.96 5.42 
3.78 5.42 1.96 
3.78 5.46 1.92 
3.78 5.92 1.46 
3.78 5.96 1.42 
3.79 2.51 4.86 
3.79 2.56 4.81 
3.79 2.81 4.56 
3.79 2.86 4.51 
3.79 4.51 2.86 
3.79 4.56 2.81 
3.79 4.81 2.56 
3.79 4.86 2.51 
3.81 2.56 4.79 
3.81 2.59 4.76 
3.81 2.76 4.59 
3.81 2.79 4.56 
3.81 4.56 2.79 
3.81 4.59 2.76 
3.81 4.76 2.59 
3.81 4.79 2.56 
3.86 2.51 4.79 
3.86 2.59 4.71 
3.86 2.71 4.59 
3.86 2.79 4.51 
3.86 4.51 2.79 
3.86 4.59 2.71 
3.86 4.71 2.59 
3.86 4.79 2.51 
3.89 2.51 4.76 
3.89 2.56 4.71 
3.89 2.71 4.56 
3.89 2.76 4.51 
3.89 4.56 2.71 
3.89 4.71 2.56 
3.91 2.57 4.68 
3.91 2.58 4.67 
3.91 2.67 4.58 
3.91 2.68 4.57 
3.91 4.58 2.67 
3.91 4.67 2.58 
3.91 4.68 2.57 
3.92 1.46 5.78 
3.92 1.48 5.76 
3.92 1.76 5.48 
3.92 1.78 5.46 
3.92 5.46 1.78 
3.92 5.48 1.76 
3.92 5.76 1.48 
3.96 1.42 5.78 
3.96 1.48 5.72 
3.96 1.72 5.48 
3.96 1.78 5.42 
3.96 5.42 1.78 
3.96 5.72 1.48 
3.96 5.78 1.42 
3.97 2.51 4.68 
3.97 2.58 4.61 
3.97 2.61 4.58 
3.97 2.68 4.51 
3.97 4.58 2.61 
3.97 4.61 2.58 
3.97 4.68 2.51 
3.98 1.42 5.76 
3.98 1.46 5.72 
3.98 1.72 5.46 
3.98 1.76 5.42 
3.98 2.51 4.67 
3.98 2.57 4.61 
3.98 2.61 4.57 
3.98 2.67 4.51 
3.98 4.51 2.67 
3.98 4.57 2.61 
3.98 4.61 2.57 
3.98 4.67 2.51 
3.98 5.42 1.76 
3.98 5.72 1.46 
3.98 5.76 1.42 
4.51 2.67 3.98 
4.51 2.79 3.86 
4.51 2.86 3.79 
4.51 2.98 3.67 
4.51 3.67 2.98 
4.51 3.79 2.86 
4.51 3.86 2.79 
4.51 3.98 2.67 
4.56 2.71 3.89 
4.56 2.79 3.81 
4.56 2.81 3.79 
4.56 2.89 3.71 
4.56 3.79 2.81 
4.56 3.81 2.79 
4.56 3.89 2.71 
4.57 2.61 3.98 
4.57 2.68 3.91 
4.57 2.98 3.61 
4.57 3.61 2.98 
4.57 3.68 2.91 
4.57 3.98 2.61 
4.58 2.61 3.97 
4.58 2.67 3.91 
4.58 2.91 3.67 
4.58 2.97 3.61 
4.58 3.61 2.97 
4.58 3.67 2.91 
4.58 3.91 2.67 
4.58 3.97 2.61 
4.59 2.71 3.86 
4.59 2.76 3.81 
4.59 2.81 3.76 
4.59 2.86 3.71 
4.59 3.71 2.86 
4.59 3.76 2.81 
4.59 3.81 2.76 
4.59 3.86 2.71 
4.61 2.57 3.98 
4.61 2.58 3.97 
4.61 2.97 3.58 
4.61 2.98 3.57 
4.61 3.57 2.98 
4.61 3.97 2.58 
4.61 3.98 2.57 
4.67 2.51 3.98 
4.67 2.58 3.91 
4.67 2.91 3.58 
4.67 2.98 3.51 
4.67 3.51 2.98 
4.67 3.58 2.91 
4.67 3.91 2.58 
4.67 3.98 2.51 
4.68 2.51 3.97 
4.68 2.57 3.91 
4.68 2.91 3.57 
4.68 2.97 3.51 
4.68 3.51 2.97 
4.68 3.57 2.91 
4.68 3.91 2.57 
4.68 3.97 2.51 
4.71 2.56 3.89 
4.71 2.59 3.86 
4.71 2.86 3.59 
4.71 2.89 3.56 
4.71 3.59 2.86 
4.71 3.86 2.59 
4.71 3.89 2.56 
4.76 2.59 3.81 
4.76 2.81 3.59 
4.76 3.59 2.81 
4.76 3.81 2.59 
4.79 2.51 3.86 
4.79 2.56 3.81 
4.79 2.81 3.56 
4.79 2.86 3.51 
4.79 3.51 2.86 
4.79 3.56 2.81 
4.79 3.81 2.56 
4.79 3.86 2.51 
4.81 2.56 3.79 
4.81 2.59 3.76 
4.81 2.76 3.59 
4.81 2.79 3.56 
4.81 3.56 2.79 
4.81 3.59 2.76 
4.81 3.76 2.59 
4.81 3.79 2.56 
4.86 2.51 3.79 
4.86 2.59 3.71 
4.86 2.71 3.59 
4.86 2.79 3.51 
4.86 3.51 2.79 
4.86 3.59 2.71 
4.86 3.71 2.59 
4.86 3.79 2.51 
4.89 2.51 3.76 
4.89 2.56 3.71 
4.89 2.71 3.56 
4.89 2.76 3.51 
4.89 3.51 2.76 
4.89 3.56 2.71 
4.89 3.71 2.56 
4.89 3.76 2.51 
4.91 2.57 3.68 
4.91 2.58 3.67 
4.91 2.67 3.58 
4.91 2.68 3.57 
4.91 3.57 2.68 
4.91 3.58 2.67 
4.91 3.67 2.58 
4.91 3.68 2.57 
4.97 2.51 3.68 
4.97 2.58 3.61 
4.97 2.61 3.58 
4.97 2.68 3.51 
4.97 3.51 2.68 
4.97 3.61 2.58 
4.97 3.68 2.51 
4.98 2.51 3.67 
4.98 2.57 3.61 
4.98 2.61 3.57 
4.98 2.67 3.51 
4.98 3.51 2.67 
4.98 3.57 2.61 
4.98 3.61 2.57 
4.98 3.67 2.51 
5.42 1.76 3.98 
5.42 1.78 3.96 
5.42 1.96 3.78 
5.42 1.98 3.76 
5.42 3.76 1.98 
5.42 3.78 1.96 
5.42 3.96 1.78 
5.42 3.98 1.76 
5.46 1.72 3.98 
5.46 1.78 3.92 
5.46 1.92 3.78 
5.46 1.98 3.72 
5.46 3.72 1.98 
5.46 3.78 1.92 
5.46 3.92 1.78 
5.48 1.72 3.96 
5.48 1.76 3.92 
5.48 1.92 3.76 
5.48 1.96 3.72 
5.48 3.72 1.96 
5.48 3.76 1.92 
5.48 3.92 1.76 
5.72 1.46 3.98 
5.72 1.48 3.96 
5.72 1.96 3.48 
5.72 1.98 3.46 
5.72 3.46 1.98 
5.72 3.48 1.96 
5.72 3.96 1.48 
5.72 3.98 1.46 
5.76 1.42 3.98 
5.76 1.48 3.92 
5.76 1.92 3.48 
5.76 1.98 3.42 
5.76 3.42 1.98 
5.76 3.48 1.92 
5.76 3.92 1.48 
5.76 3.98 1.42 
5.78 1.42 3.96 
5.78 1.46 3.92 
5.78 1.92 3.46 
5.78 1.96 3.42 
5.78 3.46 1.92 
5.78 3.96 1.42 
5.92 1.46 3.78 
5.92 1.48 3.76 
5.92 1.76 3.48 
5.92 1.78 3.46 
5.92 3.46 1.78 
5.92 3.48 1.76 
5.92 3.76 1.48 
5.92 3.78 1.46 
5.96 1.42 3.78 
5.96 1.48 3.72 
5.96 1.72 3.48 
5.96 1.78 3.42 
5.96 3.42 1.78 
5.96 3.72 1.48 
5.96 3.78 1.42 
5.98 1.42 3.76 
5.98 1.46 3.72 
5.98 1.72 3.46 
5.98 1.76 3.42 
5.98 3.42 1.76 
5.98 3.72 1.46 
5.98 3.76 1.42 
6.34 1.87 2.95 
6.34 1.95 2.87 
6.34 1.97 2.85 
6.34 2.87 1.95 
6.34 2.95 1.87 
6.35 1.84 2.97 
6.35 1.87 2.94 
6.35 1.94 2.87 
6.35 1.97 2.84 
6.35 2.84 1.97 
6.35 2.87 1.94 
6.35 2.94 1.87 
6.35 2.97 1.84 
6.37 1.84 2.95 
6.37 1.85 2.94 
6.37 1.94 2.85 
6.37 1.95 2.84 
6.37 2.84 1.95 
6.37 2.85 1.94 
6.37 2.94 1.85 
6.37 2.95 1.84 
6.43 1.75 2.98 
6.43 1.78 2.95 
6.43 1.95 2.78 
6.43 1.98 2.75 
6.43 2.75 1.98 
6.43 2.78 1.95 
6.43 2.95 1.78 
6.43 2.98 1.75 
6.45 1.73 2.98 
6.45 1.78 2.93 
6.45 1.93 2.78 
6.45 1.98 2.73 
6.45 2.73 1.98 
6.45 2.78 1.93 
6.45 2.93 1.78 
6.45 2.98 1.73 
6.48 1.73 2.95 
6.48 1.75 2.93 
6.48 1.93 2.75 
6.48 1.95 2.73 
6.48 2.73 1.95 
6.48 2.75 1.93 
6.48 2.93 1.75 
6.48 2.95 1.73 
6.53 1.79 2.84 
6.53 1.84 2.79 
6.53 1.89 2.74 
6.53 2.79 1.84 
6.53 2.84 1.79 
6.53 2.89 1.74 
6.54 1.79 2.83 
6.54 1.83 2.79 
6.54 1.89 2.73 
6.54 2.79 1.83 
6.54 2.83 1.79 
6.54 2.89 1.73 
6.59 1.73 2.84 
6.59 1.74 2.83 
6.59 1.83 2.74 
6.59 1.84 2.73 
6.59 2.73 1.84 
6.59 2.74 1.83 
6.59 2.83 1.74 
6.59 2.84 1.73 
6.73 1.45 2.98 
6.73 1.48 2.95 
6.73 1.59 2.84 
6.73 1.84 2.59 
6.73 1.89 2.54 
6.73 1.95 2.48 
6.73 1.98 2.45 
6.73 2.45 1.98 
6.73 2.48 1.95 
6.73 2.59 1.84 
6.73 2.84 1.59 
6.73 2.89 1.54 
6.73 2.95 1.48 
6.73 2.98 1.45 
6.74 1.53 2.89 
6.74 1.59 2.83 
6.74 1.83 2.59 
6.74 1.89 2.53 
6.74 2.53 1.89 
6.74 2.59 1.83 
6.74 2.83 1.59 
6.74 2.89 1.53 
6.75 1.43 2.98 
6.75 1.48 2.93 
6.75 1.93 2.48 
6.75 1.98 2.43 
6.75 2.43 1.98 
6.75 2.48 1.93 
6.75 2.93 1.48 
6.75 2.98 1.43 
6.78 1.43 2.95 
6.78 1.93 2.45 
6.78 2.43 1.95 
6.78 2.93 1.45 
6.79 1.53 2.84 
6.79 1.54 2.83 
6.79 1.83 2.54 
6.79 1.84 2.53 
6.79 2.53 1.84 
6.79 2.54 1.83 
6.79 2.83 1.54 
6.79 2.84 1.53 
6.83 1.54 2.79 
6.83 1.59 2.74 
6.83 1.74 2.59 
6.83 1.79 2.54 
6.83 2.54 1.79 
6.83 2.59 1.74 
6.83 2.74 1.59 
6.83 2.79 1.54 
6.84 1.37 2.95 
6.84 1.53 2.79 
6.84 1.59 2.73 
6.84 1.73 2.59 
6.84 1.79 2.53 
6.84 1.95 2.37 
6.84 1.97 2.35 
6.84 2.37 1.95 
6.84 2.53 1.79 
6.84 2.59 1.73 
6.84 2.73 1.59 
6.84 2.79 1.53 
6.84 2.95 1.37 
6.85 1.34 2.97 
6.85 1.37 2.94 
6.85 1.94 2.37 
6.85 1.97 2.34 
6.85 2.34 1.97 
6.85 2.37 1.94 
6.85 2.94 1.37 
6.85 2.97 1.34 
6.87 1.34 2.95 
6.87 1.35 2.94 
6.87 1.94 2.35 
6.87 1.95 2.34 
6.87 2.34 1.95 
6.87 2.35 1.94 
6.87 2.94 1.35 
6.87 2.95 1.34 
6.89 1.53 2.74 
6.89 1.54 2.73 
6.89 1.73 2.54 
6.89 1.74 2.53 
6.89 2.53 1.74 
6.89 2.54 1.73 
6.89 2.73 1.54 
6.89 2.74 1.53 
6.93 1.45 2.78 
6.93 1.48 2.75 
6.93 1.75 2.48 
6.93 1.78 2.45 
6.93 2.45 1.78 
6.93 2.48 1.75 
6.93 2.75 1.48 
6.93 2.78 1.45 
6.94 1.35 2.87 
6.94 1.37 2.85 
6.94 1.85 2.37 
6.94 1.87 2.35 
6.94 2.35 1.87 
6.94 2.37 1.85 
6.94 2.85 1.37 
6.94 2.87 1.35 
6.95 1.34 2.87 
6.95 1.37 2.84 
6.95 1.43 2.78 
6.95 1.48 2.73 
6.95 1.73 2.48 
6.95 1.78 2.43 
6.95 1.84 2.37 
6.95 1.87 2.34 
6.95 2.34 1.87 
6.95 2.37 1.84 
6.95 2.43 1.78 
6.95 2.48 1.73 
6.95 2.73 1.48 
6.95 2.78 1.43 
6.95 2.84 1.37 
6.95 2.87 1.34 
6.97 1.34 2.85 
6.97 1.35 2.84 
6.97 1.84 2.35 
6.97 1.85 2.34 
6.97 2.34 1.85 
6.97 2.35 1.84 
6.97 2.84 1.35 
6.97 2.85 1.34 
6.98 1.43 2.75 
6.98 1.45 2.73 
6.98 1.73 2.45 
6.98 1.75 2.43 
6.98 2.43 1.75 
6.98 2.45 1.73 
6.98 2.73 1.45 
6.98 2.75 1.43 

