3862, 3862
3862, 3863
3862, 3864
3862, 3865
3862, 3866
3862, 3867
3862, 3868
3862, 3869
3862, 3870
3862, 3871
3863, 3872
3863, 3873
3863, 3874
3863, 3875
3863, 3876
3863, 3877
3863, 3878
3863, 3879
3863, 3880
3863, 3881
3864, 3882
3864, 3883
3864, 3884
3864, 3885
3864, 3886
3864, 3887
3864, 3888
3864, 3889
3864, 3890
3864, 3891
3865, 3892
3865, 3893
3865, 3894
3865, 3895
3865, 3896
3865, 3897
3865, 3898
3865, 3899
3865, 3900
3865, 3901
3866, 3902
3866, 3903
3866, 3904
3866, 3905
3866, 3906
3866, 3907
3866, 3908
3866, 3909
3866, 3910
3866, 3911
3867, 3912
3867, 3913
3867, 3914
3867, 3915
3867, 3916
3867, 3917
3867, 3918
3867, 3919
3867, 3920
3867, 3921
3868, 3922
3868, 3923
3868, 3924
3868, 3925
3868, 3926
3868, 3927
3868, 3928
3868, 3929
3868, 3930
3868, 3931
3869, 3932
3869, 3933
3869, 3934
3869, 3935
3869, 3936
3869, 3937
3869, 3938
3869, 3939
3869, 3940
3869, 3941
3870, 3942
3870, 3943
3870, 3944
3870, 3945
3870, 3946
3870, 3947
3870, 3948
3870, 3949
3870, 3950
3870, 3951
3871, 3952
3871, 3953
3871, 3954
3871, 3955
3871, 3956
3871, 3957
3871, 3958
3871, 3959
3871, 3960
3871, 3961
3872, 3962
3872, 3963
3872, 3964
3872, 3965
3872, 3966
3872, 3967
3872, 3968
3872, 3969
3872, 3970
3872, 3971
3873, 3972
3873, 3973
3873, 3974
3873, 3975
3873, 3976
3873, 3977
3873, 3978
3873, 3979
3873, 3980
3873, 3981
3874, 3982
3874, 3983
3874, 3984
3874, 3985
3874, 3986
3874, 3987
3874, 3988
3874, 3989
3874, 3990
3874, 3991
3875, 3992
3875, 3993
3875, 3994
3875, 3995
3875, 3996
3875, 3997
3875, 3998
3875, 3999
3875, 4000
3875, 4001
3876, 4002
3876, 4003
3876, 4004
3876, 4005
3876, 4006
3876, 4007
3876, 4008
3876, 4009
3876, 4010
3876, 4011
3877, 4012
3877, 4013
3877, 4014
3877, 4015
3877, 4016
3877, 4017
3877, 4018
3877, 4019
3877, 4020
3877, 4021
3878, 4022
3878, 4023
3878, 4024
3878, 4025
3878, 4026
3878, 4027
3878, 4028
3878, 4029
3878, 4030
3878, 4031
3879, 4032
3879, 4033
3879, 4034
3879, 4035
3879, 4036
3879, 4037
3879, 4038
3879, 4039
3879, 4040
3879, 4041
3880, 4042
3880, 4043
3880, 4044
3880, 4045
3880, 4046
3880, 4047
3880, 4048
3880, 4049
3880, 4050
3880, 4051
3881, 4052
3881, 4053
3881, 4054
3881, 4055
3881, 4056
3881, 4057
3881, 4058
3881, 4059
3881, 4060
3881, 4061
3882, 4062
3882, 4063
3882, 4064
3882, 4065
3882, 4066
3882, 4067
3882, 4068
3882, 4069
3882, 4070
3882, 4071
3883, 4072
3883, 4073
3883, 4074
3883, 4075
3883, 4076
3883, 4077
3883, 4078
3883, 4079
3883, 4080
3883, 4081
3884, 4082
3884, 4083
3884, 4084
3884, 4085
3884, 4086
3884, 4087
3884, 4088
3884, 4089
3884, 4090
3884, 4091
3885, 4092
3885, 4093
3885, 4094
3885, 4095
3885, 4096
3885, 4097
3885, 4098
3885, 4099
3885, 4100
3885, 4101
3886, 4102
3886, 4103
3886, 4104
3886, 4105
3886, 4106
3886, 4107
3886, 4108
3886, 4109
3886, 4110
3886, 4111
3887, 4112
3887, 4113
3887, 4114
3887, 4115
3887, 4116
3887, 4117
3887, 4118
3887, 4119
3887, 4120
3887, 4121
3888, 4122
3888, 4123
3888, 4124
3888, 4125
3888, 4126
3888, 4127
3888, 4128
3888, 4129
3888, 4130
3888, 4131
3889, 4132
3889, 4133
3889, 4134
3889, 4135
3889, 4136
3889, 4137
3889, 4138
3889, 4139
3889, 4140
3889, 4141
3890, 4142
3890, 4143
3890, 4144
3890, 4145
3890, 4146
3890, 4147
3890, 4148
3890, 4149
3890, 4150
3890, 4151
3891, 4152
3891, 4153
3891, 4154
3891, 4155
3891, 4156
3891, 4157
3891, 4158
3891, 4159
3891, 4160
3891, 4161
3892, 4162
3892, 4163
3892, 4164
3892, 4165
3892, 4166
3892, 4167
3892, 4168
3892, 4169
3892, 4170
3892, 4171
3893, 4172
3893, 4173
3893, 4174
3893, 4175
3893, 4176
3893, 4177
3893, 4178
3893, 4179
3893, 4180
3893, 4181
3894, 4182
3894, 4183
3894, 4184
3894, 4185
3894, 4186
3894, 4187
3894, 4188
3894, 4189
3894, 4190
3894, 4191
3895, 4192
3895, 4193
3895, 4194
3895, 4195
3895, 4196
3895, 4197
3895, 4198
3895, 4199
3895, 4200
3895, 4201
3896, 4202
3896, 4203
3896, 4204
3896, 4205
3896, 4206
3896, 4207
3896, 4208
3896, 4209
3896, 4210
3896, 4211
3897, 4212
3897, 4213
3897, 4214
3897, 4215
3897, 4216
3897, 4217
3897, 4218
3897, 4219
3897, 4220
3897, 4221
3898, 4222
3898, 4223
3898, 4224
3898, 4225
3898, 4226
3898, 4227
3898, 4228
3898, 4229
3898, 4230
3898, 4231
3899, 4232
3899, 4233
3899, 4234
3899, 4235
3899, 4236
3899, 4237
3899, 4238
3899, 4239
3899, 4240
3899, 4241
3900, 4242
3900, 4243
3900, 4244
3900, 4245
3900, 4246
3900, 4247
3900, 4248
3900, 4249
3900, 4250
3900, 4251
3901, 4252
3901, 4253
3901, 4254
3901, 4255
3901, 4256
3901, 4257
3901, 4258
3901, 4259
3901, 4260
3901, 4261
3902, 4262
3902, 4263
3902, 4264
3902, 4265
3902, 4266
3902, 4267
3902, 4268
3902, 4269
3902, 4270
3902, 4271
3903, 4272
3903, 4273
3903, 4274
3903, 4275
3903, 4276
3903, 4277
3903, 4278
3903, 4279
3903, 4280
3903, 4281
3904, 4282
3904, 4283
3904, 4284
3904, 4285
3904, 4286
3904, 4287
3904, 4288
3904, 4289
3904, 4290
3904, 4291
3905, 4292
3905, 4293
3905, 4294
3905, 4295
3905, 4296
3905, 4297
3905, 4298
3905, 4299
3905, 4300
3905, 4301
3906, 4302
3906, 4303
3906, 4304
3906, 4305
3906, 4306
3906, 4307
3906, 4308
3906, 4309
3906, 4310
3906, 4311
3907, 4312
3907, 4313
3907, 4314
3907, 4315
3907, 4316
3907, 4317
3907, 4318
3907, 4319
3907, 4320
3907, 4321
3908, 4322
3908, 4323
3908, 4324
3908, 4325
3908, 4326
3908, 4327
3908, 4328
3908, 4329
3908, 4330
3908, 4331
3909, 4332
3909, 4333
3909, 4334
3909, 4335
3909, 4336
3909, 4337
3909, 4338
3909, 4339
3909, 4340
3909, 4341
3910, 4342
3910, 4343
3910, 4344
3910, 4345
3910, 4346
3910, 4347
3910, 4348
3910, 4349
3910, 4350
3910, 4351
3911, 4352
3911, 4353
3911, 4354
3911, 4355
3911, 4356
3911, 4357
3911, 4358
3911, 4359
3911, 4360
3911, 4361
3912, 4362
3912, 4363
3912, 4364
3912, 4365
3912, 4366
3912, 4367
3912, 4368
3912, 4369
3912, 4370
3912, 4371
3913, 4372
3913, 4373
3913, 4374
3913, 4375
3913, 4376
3913, 4377
3913, 4378
3913, 4379
3913, 4380
3913, 4381
3914, 4382
3914, 4383
3914, 4384
3914, 4385
3914, 4386
3914, 4387
3914, 4388
3914, 4389
3914, 4390
3914, 4391
3915, 4392
3915, 4393
3915, 4394
3915, 4395
3915, 4396
3915, 4397
3915, 4398
3915, 4399
3915, 4400
3915, 4401
3916, 4402
3916, 4403
3916, 4404
3916, 4405
3916, 4406
3916, 4407
3916, 4408
3916, 4409
3916, 4410
3916, 4411
3917, 4412
3917, 4413
3917, 4414
3917, 4415
3917, 4416
3917, 4417
3917, 4418
3917, 4419
3917, 4420
3917, 4421
3918, 4422
3918, 4423
3918, 4424
3918, 4425
3918, 4426
3918, 4427
3918, 4428
3918, 4429
3918, 4430
3918, 4431
3919, 4432
3919, 4433
3919, 4434
3919, 4435
3919, 4436
3919, 4437
3919, 4438
3919, 4439
3919, 4440
3919, 4441
3920, 4442
3920, 4443
3920, 4444
3920, 4445
3920, 4446
3920, 4447
3920, 4448
3920, 4449
3920, 4450
3920, 4451
3921, 4452
3921, 4453
3921, 4454
3921, 4455
3921, 4456
3921, 4457
3921, 4458
3921, 4459
3921, 4460
3921, 4461
3922, 4462
3922, 4463
3922, 4464
3922, 4465
3922, 4466
3922, 4467
3922, 4468
3922, 4469
3922, 4470
3922, 4471
3923, 4472
3923, 4473
3923, 4474
3923, 4475
3923, 4476
3923, 4477
3923, 4478
3923, 4479
3923, 4480
3923, 4481
3924, 4482
3924, 4483
3924, 4484
3924, 4485
3924, 4486
3924, 4487
3924, 4488
3924, 4489
3924, 4490
3924, 4491
3925, 4492
3925, 4493
3925, 4494
3925, 4495
3925, 4496
3925, 4497
3925, 4498
3925, 4499
3925, 4500
3925, 4501
3926, 4502
3926, 4503
3926, 4504
3926, 4505
3926, 4506
3926, 4507
3926, 4508
3926, 4509
3926, 4510
3926, 4511
3927, 4512
3927, 4513
3927, 4514
3927, 4515
3927, 4516
3927, 4517
3927, 4518
3927, 4519
3927, 4520
3927, 4521
3928, 4522
3928, 4523
3928, 4524
3928, 4525
3928, 4526
3928, 4527
3928, 4528
3928, 4529
3928, 4530
3928, 4531
3929, 4532
3929, 4533
3929, 4534
3929, 4535
3929, 4536
3929, 4537
3929, 4538
3929, 4539
3929, 4540
3929, 4541
3930, 4542
3930, 4543
3930, 4544
3930, 4545
3930, 4546
3930, 4547
3930, 4548
3930, 4549
3930, 4550
3930, 4551
3931, 4552
3931, 4553
3931, 4554
3931, 4555
3931, 4556
3931, 4557
3931, 4558
3931, 4559
3931, 4560
3931, 4561
3932, 4562
3932, 4563
3932, 4564
3932, 4565
3932, 4566
3932, 4567
3932, 4568
3932, 4569
3932, 4570
3932, 4571
3933, 4572
3933, 4573
3933, 4574
3933, 4575
3933, 4576
3933, 4577
3933, 4578
3933, 4579
3933, 4580
3933, 4581
3934, 4582
3934, 4583
3934, 4584
3934, 4585
3934, 4586
3934, 4587
3934, 4588
3934, 4589
3934, 4590
3934, 4591
3935, 4592
3935, 4593
3935, 4594
3935, 4595
3935, 4596
3935, 4597
3935, 4598
3935, 4599
3935, 4600
3935, 4601
3936, 4602
3936, 4603
3936, 4604
3936, 4605
3936, 4606
3936, 4607
3936, 4608
3936, 4609
3936, 4610
3936, 4611
3937, 4612
3937, 4613
3937, 4614
3937, 4615
3937, 4616
3937, 4617
3937, 4618
3937, 4619
3937, 4620
3937, 4621
3938, 4622
3938, 4623
3938, 4624
3938, 4625
3938, 4626
3938, 4627
3938, 4628
3938, 4629
3938, 4630
3938, 4631
3939, 4632
3939, 4633
3939, 4634
3939, 4635
3939, 4636
3939, 4637
3939, 4638
3939, 4639
3939, 4640
3939, 4641
3940, 4642
3940, 4643
3940, 4644
3940, 4645
3940, 4646
3940, 4647
3940, 4648
3940, 4649
3940, 4650
3940, 4651
3941, 4652
3941, 4653
3941, 4654
3941, 4655
3941, 4656
3941, 4657
3941, 4658
3941, 4659
3941, 4660
3941, 4661
3942, 4662
3942, 4663
3942, 4664
3942, 4665
3942, 4666
3942, 4667
3942, 4668
3942, 4669
3942, 4670
3942, 4671
3943, 4672
3943, 4673
3943, 4674
3943, 4675
3943, 4676
3943, 4677
3943, 4678
3943, 4679
3943, 4680
3943, 4681
3944, 4682
3944, 4683
3944, 4684
3944, 4685
3944, 4686
3944, 4687
3944, 4688
3944, 4689
3944, 4690
3944, 4691
3945, 4692
3945, 4693
3945, 4694
3945, 4695
3945, 4696
3945, 4697
3945, 4698
3945, 4699
3945, 4700
3945, 4701
3946, 4702
3946, 4703
3946, 4704
3946, 4705
3946, 4706
3946, 4707
3946, 4708
3946, 4709
3946, 4710
3946, 4711
3947, 4712
3947, 4713
3947, 4714
3947, 4715
3947, 4716
3947, 4717
3947, 4718
3947, 4719
3947, 4720
3947, 4721
3948, 4722
3948, 4723
3948, 4724
3948, 4725
3948, 4726
3948, 4727
3948, 4728
3948, 4729
3948, 4730
3948, 4731
3949, 4732
3949, 4733
3949, 4734
3949, 4735
3949, 4736
3949, 4737
3949, 4738
3949, 4739
3949, 4740
3949, 4741
3950, 4742
3950, 4743
3950, 4744
3950, 4745
3950, 4746
3950, 4747
3950, 4748
3950, 4749
3950, 4750
3950, 4751
3951, 4752
3951, 4753
3951, 4754
3951, 4755
3951, 4756
3951, 4757
3951, 4758
3951, 4759
3951, 4760
3951, 4761
3952, 4762
3952, 4763
3952, 4764
3952, 4765
3952, 4766
3952, 4767
3952, 4768
3952, 4769
3952, 4770
3952, 4771
3953, 4772
3953, 4773
3953, 4774
3953, 4775
3953, 4776
3953, 4777
3953, 4778
3953, 4779
3953, 4780
3953, 4781
3954, 4782
3954, 4783
3954, 4784
3954, 4785
3954, 4786
3954, 4787
3954, 4788
3954, 4789
3954, 4790
3954, 4791
3955, 4792
3955, 4793
3955, 4794
3955, 4795
3955, 4796
3955, 4797
3955, 4798
3955, 4799
3955, 4800
3955, 4801
3956, 4802
3956, 4803
3956, 4804
3956, 4805
3956, 4806
3956, 4807
3956, 4808
3956, 4809
3956, 4810
3956, 4811
3957, 4812
3957, 4813
3957, 4814
3957, 4815
3957, 4816
3957, 4817
3957, 4818
3957, 4819
3957, 4820
3957, 4821
3958, 4822
3958, 4823
3958, 4824
3958, 4825
3958, 4826
3958, 4827
3958, 4828
3958, 4829
3958, 4830
3958, 4831
3959, 4832
3959, 4833
3959, 4834
3959, 4835
3959, 4836
3959, 4837
3959, 4838
3959, 4839
3959, 4840
3959, 4841
3960, 4842
3960, 4843
3960, 4844
3960, 4845
3960, 4846
3960, 4847
3960, 4848
3960, 4849
3960, 4850
3960, 4851
3961, 4852
3961, 4853
3961, 4854
3961, 4855
3961, 4856
3961, 4857
3961, 4858
3961, 4859
3961, 4860
3961, 4861
3962, 4862
3962, 4863
3962, 4864
3962, 4865
3962, 4866
3962, 4867
3962, 4868
3962, 4869
3962, 4870
3962, 4871
3963, 4872
3963, 4873
3963, 4874
3963, 4875
3963, 4876
3963, 4877
3963, 4878
3963, 4879
3963, 4880
3963, 4881
3964, 4882
3964, 4883
3964, 4884
3964, 4885
3964, 4886
3964, 4887
3964, 4888
3964, 4889
3964, 4890
3964, 4891
3965, 4892
3965, 4893
3965, 4894
3965, 4895
3965, 4896
3965, 4897
3965, 4898
3965, 4899
3965, 4900
3965, 4901
3966, 4902
3966, 4903
3966, 4904
3966, 4905
3966, 4906
3966, 4907
3966, 4908
3966, 4909
3966, 4910
3966, 4911
3967, 4912
3967, 4913
3967, 4914
3967, 4915
3967, 4916
3967, 4917
3967, 4918
3967, 4919
3967, 4920
3967, 4921
3968, 4922
3968, 4923
3968, 4924
3968, 4925
3968, 4926
3968, 4927
3968, 4928
3968, 4929
3968, 4930
3968, 4931
3969, 4932
3969, 4933
3969, 4934
3969, 4935
3969, 4936
3969, 4937
3969, 4938
3969, 4939
3969, 4940
3969, 4941
3970, 4942
3970, 4943
3970, 4944
3970, 4945
3970, 4946
3970, 4947
3970, 4948
3970, 4949
3970, 4950
3970, 4951
3971, 4952
3971, 4953
3971, 4954
3971, 4955
3971, 4956
3971, 4957
3971, 4958
3971, 4959
3971, 4960
3971, 4961
3972, 4962
3972, 4963
3972, 4964
3972, 4965
3972, 4966
3972, 4967
3972, 4968
3972, 4969
3972, 4970
3972, 4971
3973, 4972
3973, 4973
3973, 4974
3973, 4975
3973, 4976
3973, 4977
3973, 4978
3973, 4979
3973, 4980
3973, 4981
3974, 4982
3974, 4983
3974, 4984
3974, 4985
3974, 4986
3974, 4987
3974, 4988
3974, 4989
3974, 4990
3974, 4991
3975, 4992
3975, 4993
3975, 4994
3975, 4995
3975, 4996
3975, 4997
3975, 4998
3975, 4999
3975, 5000
3975, 5001
3976, 5002
3976, 5003
3976, 5004
3976, 5005
3976, 5006
3976, 5007
3976, 5008
3976, 5009
3976, 5010
3976, 5011
3977, 5012
3977, 5013
3977, 5014
3977, 5015
3977, 5016
3977, 5017
3977, 5018
3977, 5019
3977, 5020
3977, 5021
3978, 5022
3978, 5023
3978, 5024
3978, 5025
3978, 5026
3978, 5027
3978, 5028
3978, 5029
3978, 5030
3978, 5031
3979, 5032
3979, 5033
3979, 5034
3979, 5035
3979, 5036
3979, 5037
3979, 5038
3979, 5039
3979, 5040
3979, 5041
3980, 5042
3980, 5043
3980, 5044
3980, 5045
3980, 5046
3980, 5047
3980, 5048
3980, 5049
3980, 5050
3980, 5051
3981, 5052
3981, 5053
3981, 5054
3981, 5055
3981, 5056
3981, 5057
3981, 5058
3981, 5059
3981, 5060
3981, 5061
3982, 5062
3982, 5063
3982, 5064
3982, 5065
3982, 5066
3982, 5067
3982, 5068
3982, 5069
3982, 5070
3982, 5071
3983, 5072
3983, 5073
3983, 5074
3983, 5075
3983, 5076
3983, 5077
3983, 5078
3983, 5079
3983, 5080
3983, 5081
3984, 5082
3984, 5083
3984, 5084
3984, 5085
3984, 5086
3984, 5087
3984, 5088
3984, 5089
3984, 5090
3984, 5091
3985, 5092
3985, 5093
3985, 5094
3985, 5095
3985, 5096
3985, 5097
3985, 5098
3985, 5099
3985, 5100
3985, 5101
3986, 5102
3986, 5103
3986, 5104
3986, 5105
3986, 5106
3986, 5107
3986, 5108
3986, 5109
3986, 5110
3986, 5111
3987, 5112
3987, 5113
3987, 5114
3987, 5115
3987, 5116
3987, 5117
3987, 5118
3987, 5119
3987, 5120
3987, 5121
3988, 5122
3988, 5123
3988, 5124
3988, 5125
3988, 5126
3988, 5127
3988, 5128
3988, 5129
3988, 5130
3988, 5131
3989, 5132
3989, 5133
3989, 5134
3989, 5135
3989, 5136
3989, 5137
3989, 5138
3989, 5139
3989, 5140
3989, 5141
3990, 5142
3990, 5143
3990, 5144
3990, 5145
3990, 5146
3990, 5147
3990, 5148
3990, 5149
3990, 5150
3990, 5151
3991, 5152
3991, 5153
3991, 5154
3991, 5155
3991, 5156
3991, 5157
3991, 5158
3991, 5159
3991, 5160
3991, 5161
3992, 5162
3992, 5163
3992, 5164
3992, 5165
3992, 5166
3992, 5167
3992, 5168
3992, 5169
3992, 5170
3992, 5171
3993, 5172
3993, 5173
3993, 5174
3993, 5175
3993, 5176
3993, 5177
3993, 5178
3993, 5179
3993, 5180
3993, 5181
3994, 5182
3994, 5183
3994, 5184
3994, 5185
3994, 5186
3994, 5187
3994, 5188
3994, 5189
3994, 5190
3994, 5191
3995, 5192
3995, 5193
3995, 5194
3995, 5195
3995, 5196
3995, 5197
3995, 5198
3995, 5199
3995, 5200
3995, 5201
3996, 5202
3996, 5203
3996, 5204
3996, 5205
3996, 5206
3996, 5207
3996, 5208
3996, 5209
3996, 5210
3996, 5211
3997, 5212
3997, 5213
3997, 5214
3997, 5215
3997, 5216
3997, 5217
3997, 5218
3997, 5219
3997, 5220
3997, 5221
3998, 5222
3998, 5223
3998, 5224
3998, 5225
3998, 5226
3998, 5227
3998, 5228
3998, 5229
3998, 5230
3998, 5231
3999, 5232
3999, 5233
3999, 5234
3999, 5235
3999, 5236
3999, 5237
3999, 5238
3999, 5239
3999, 5240
3999, 5241
4000, 5242
4000, 5243
4000, 5244
4000, 5245
4000, 5246
4000, 5247
4000, 5248
4000, 5249
4000, 5250
4000, 5251
4001, 5252
4001, 5253
4001, 5254
4001, 5255
4001, 5256
4001, 5257
4001, 5258
4001, 5259
4001, 5260
4001, 5261
4002, 5262
4002, 5263
4002, 5264
4002, 5265
4002, 5266
4002, 5267
4002, 5268
4002, 5269
4002, 5270
4002, 5271
4003, 5272
4003, 5273
4003, 5274
4003, 5275
4003, 5276
4003, 5277
4003, 5278
4003, 5279
4003, 5280
4003, 5281
4004, 5282
4004, 5283
4004, 5284
4004, 5285
4004, 5286
4004, 5287
4004, 5288
4004, 5289
4004, 5290
4004, 5291
4005, 5292
4005, 5293
4005, 5294
4005, 5295
4005, 5296
4005, 5297
4005, 5298
4005, 5299
4005, 5300
4005, 5301
4006, 5302
4006, 5303
4006, 5304
4006, 5305
4006, 5306
4006, 5307
4006, 5308
4006, 5309
4006, 5310
4006, 5311
4007, 5312
4007, 5313
4007, 5314
4007, 5315
4007, 5316
4007, 5317
4007, 5318
4007, 5319
4007, 5320
4007, 5321
4008, 5322
4008, 5323
4008, 5324
4008, 5325
4008, 5326
4008, 5327
4008, 5328
4008, 5329
4008, 5330
4008, 5331
4009, 5332
4009, 5333
4009, 5334
4009, 5335
4009, 5336
4009, 5337
4009, 5338
4009, 5339
4009, 5340
4009, 5341
4010, 5342
4010, 5343
4010, 5344
4010, 5345
4010, 5346
4010, 5347
4010, 5348
4010, 5349
4010, 5350
4010, 5351
4011, 5352
4011, 5353
4011, 5354
4011, 5355
4011, 5356
4011, 5357
4011, 5358
4011, 5359
4011, 5360
4011, 5361
4012, 5362
4012, 5363
4012, 5364
4012, 5365
4012, 5366
4012, 5367
4012, 5368
4012, 5369
4012, 5370
4012, 5371
4013, 5372
4013, 5373
4013, 5374
4013, 5375
4013, 5376
4013, 5377
4013, 5378
4013, 5379
4013, 5380
4013, 5381
4014, 5382
4014, 5383
4014, 5384
4014, 5385
4014, 5386
4014, 5387
4014, 5388
4014, 5389
4014, 5390
4014, 5391
4015, 5392
4015, 5393
4015, 5394
4015, 5395
4015, 5396
4015, 5397
4015, 5398
4015, 5399
4015, 5400
4015, 5401
4016, 5402
4016, 5403
4016, 5404
4016, 5405
4016, 5406
4016, 5407
4016, 5408
4016, 5409
4016, 5410
4016, 5411
4017, 5412
4017, 5413
4017, 5414
4017, 5415
4017, 5416
4017, 5417
4017, 5418
4017, 5419
4017, 5420
4017, 5421
4018, 5422
4018, 5423
4018, 5424
4018, 5425
4018, 5426
4018, 5427
4018, 5428
4018, 5429
4018, 5430
4018, 5431
4019, 5432
4019, 5433
4019, 5434
4019, 5435
4019, 5436
4019, 5437
4019, 5438
4019, 5439
4019, 5440
4019, 5441
4020, 5442
4020, 5443
4020, 5444
4020, 5445
4020, 5446
4020, 5447
4020, 5448
4020, 5449
4020, 5450
4020, 5451
4021, 5452
4021, 5453
4021, 5454
4021, 5455
4021, 5456
4021, 5457
4021, 5458
4021, 5459
4021, 5460
4021, 5461
4022, 5462
4022, 5463
4022, 5464
4022, 5465
4022, 5466
4022, 5467
4022, 5468
4022, 5469
4022, 5470
4022, 5471
4023, 5472
4023, 5473
4023, 5474
4023, 5475
4023, 5476
4023, 5477
4023, 5478
4023, 5479
4023, 5480
4023, 5481
4024, 5482
4024, 5483
4024, 5484
4024, 5485
4024, 5486
4024, 5487
4024, 5488
4024, 5489
4024, 5490
4024, 5491
4025, 5492
4025, 5493
4025, 5494
4025, 5495
4025, 5496
4025, 5497
4025, 5498
4025, 5499
4025, 5500
4025, 5501
4026, 5502
4026, 5503
4026, 5504
4026, 5505
4026, 5506
4026, 5507
4026, 5508
4026, 5509
4026, 5510
4026, 5511
4027, 5512
4027, 5513
4027, 5514
4027, 5515
4027, 5516
4027, 5517
4027, 5518
4027, 5519
4027, 5520
4027, 5521
4028, 5522
4028, 5523
4028, 5524
4028, 5525
4028, 5526
4028, 5527
4028, 5528
4028, 5529
4028, 5530
4028, 5531
4029, 5532
4029, 5533
4029, 5534
4029, 5535
4029, 5536
4029, 5537
4029, 5538
4029, 5539
4029, 5540
4029, 5541
4030, 5542
4030, 5543
4030, 5544
4030, 5545
4030, 5546
4030, 5547
4030, 5548
4030, 5549
4030, 5550
4030, 5551
4031, 5552
4031, 5553
4031, 5554
4031, 5555
4031, 5556
4031, 5557
4031, 5558
4031, 5559
4031, 5560
4031, 5561
4032, 5562
4032, 5563
4032, 5564
4032, 5565
4032, 5566
4032, 5567
4032, 5568
4032, 5569
4032, 5570
4032, 5571
4033, 5572
4033, 5573
4033, 5574
4033, 5575
4033, 5576
4033, 5577
4033, 5578
4033, 5579
4033, 5580
4033, 5581
4034, 5582
4034, 5583
4034, 5584
4034, 5585
4034, 5586
4034, 5587
4034, 5588
4034, 5589
4034, 5590
4034, 5591
4035, 5592
4035, 5593
4035, 5594
4035, 5595
4035, 5596
4035, 5597
4035, 5598
4035, 5599
4035, 5600
4035, 5601
4036, 5602
4036, 5603
4036, 5604
4036, 5605
4036, 5606
4036, 5607
4036, 5608
4036, 5609
4036, 5610
4036, 5611
4037, 5612
4037, 5613
4037, 5614
4037, 5615
4037, 5616
4037, 5617
4037, 5618
4037, 5619
4037, 5620
4037, 5621
4038, 5622
4038, 5623
4038, 5624
4038, 5625
4038, 5626
4038, 5627
4038, 5628
4038, 5629
4038, 5630
4038, 5631
4039, 5632
4039, 5633
4039, 5634
4039, 5635
4039, 5636
4039, 5637
4039, 5638
4039, 5639
4039, 5640
4039, 5641
4040, 5642
4040, 5643
4040, 5644
4040, 5645
4040, 5646
4040, 5647
4040, 5648
4040, 5649
4040, 5650
4040, 5651
4041, 5652
4041, 5653
4041, 5654
4041, 5655
4041, 5656
4041, 5657
4041, 5658
4041, 5659
4041, 5660
4041, 5661
4042, 5662
4042, 5663
4042, 5664
4042, 5665
4042, 5666
4042, 5667
4042, 5668
4042, 5669
4042, 5670
4042, 5671
4043, 5672
4043, 5673
4043, 5674
4043, 5675
4043, 5676
4043, 5677
4043, 5678
4043, 5679
4043, 5680
4043, 5681
4044, 5682
4044, 5683
4044, 5684
4044, 5685
4044, 5686
4044, 5687
4044, 5688
4044, 5689
4044, 5690
4044, 5691
4045, 5692
4045, 5693
4045, 5694
4045, 5695
4045, 5696
4045, 5697
4045, 5698
4045, 5699
4045, 5700
4045, 5701
4046, 5702
4046, 5703
4046, 5704
4046, 5705
4046, 5706
4046, 5707
4046, 5708
4046, 5709
4046, 5710
4046, 5711
4047, 5712
4047, 5713
4047, 5714
4047, 5715
4047, 5716
4047, 5717
4047, 5718
4047, 5719
4047, 5720
4047, 5721
4048, 5722
4048, 5723
4048, 5724
4048, 5725
4048, 5726
4048, 5727
4048, 5728
4048, 5729
4048, 5730
4048, 5731
4049, 5732
4049, 5733
4049, 5734
4049, 5735
4049, 5736
4049, 5737
4049, 5738
4049, 5739
4049, 5740
4049, 5741
4050, 5742
4050, 5743
4050, 5744
4050, 5745
4050, 5746
4050, 5747
4050, 5748
4050, 5749
4050, 5750
4050, 5751
4051, 5752
4051, 5753
4051, 5754
4051, 5755
4051, 5756
4051, 5757
4051, 5758
4051, 5759
4051, 5760
4051, 5761
4052, 5762
4052, 5763
4052, 5764
4052, 5765
4052, 5766
4052, 5767
4052, 5768
4052, 5769
4052, 5770
4052, 5771
4053, 5772
4053, 5773
4053, 5774
4053, 5775
4053, 5776
4053, 5777
4053, 5778
4053, 5779
4053, 5780
4053, 5781
4054, 5782
4054, 5783
4054, 5784
4054, 5785
4054, 5786
4054, 5787
4054, 5788
4054, 5789
4054, 5790
4054, 5791
4055, 5792
4055, 5793
4055, 5794
4055, 5795
4055, 5796
4055, 5797
4055, 5798
4055, 5799
4055, 5800
4055, 5801
4056, 5802
4056, 5803
4056, 5804
4056, 5805
4056, 5806
4056, 5807
4056, 5808
4056, 5809
4056, 5810
4056, 5811
4057, 5812
4057, 5813
4057, 5814
4057, 5815
4057, 5816
4057, 5817
4057, 5818
4057, 5819
4057, 5820
4057, 5821
4058, 5822
4058, 5823
4058, 5824
4058, 5825
4058, 5826
4058, 5827
4058, 5828
4058, 5829
4058, 5830
4058, 5831
4059, 5832
4059, 5833
4059, 5834
4059, 5835
4059, 5836
4059, 5837
4059, 5838
4059, 5839
4059, 5840
4059, 5841
4060, 5842
4060, 5843
4060, 5844
4060, 5845
4060, 5846
4060, 5847
4060, 5848
4060, 5849
4060, 5850
4060, 5851
4061, 5852
4061, 5853
4061, 5854
4061, 5855
4061, 5856
4061, 5857
4061, 5858
4061, 5859
4061, 5860
4061, 5861
4062, 5862
4062, 5863
4062, 5864
4062, 5865
4062, 5866
4062, 5867
4062, 5868
4062, 5869
4062, 5870
4062, 5871
4063, 5872
4063, 5873
4063, 5874
4063, 5875
4063, 5876
4063, 5877
4063, 5878
4063, 5879
4063, 5880
4063, 5881
4064, 5882
4064, 5883
4064, 5884
4064, 5885
4064, 5886
4064, 5887
4064, 5888
4064, 5889
4064, 5890
4064, 5891
4065, 5892
4065, 5893
4065, 5894
4065, 5895
4065, 5896
4065, 5897
4065, 5898
4065, 5899
4065, 5900
4065, 5901
4066, 5902
4066, 5903
4066, 5904
4066, 5905
4066, 5906
4066, 5907
4066, 5908
4066, 5909
4066, 5910
4066, 5911
4067, 5912
4067, 5913
4067, 5914
4067, 5915
4067, 5916
4067, 5917
4067, 5918
4067, 5919
4067, 5920
4067, 5921
4068, 5922
4068, 5923
4068, 5924
4068, 5925
4068, 5926
4068, 5927
4068, 5928
4068, 5929
4068, 5930
4068, 5931
4069, 5932
4069, 5933
4069, 5934
4069, 5935
4069, 5936
4069, 5937
4069, 5938
4069, 5939
4069, 5940
4069, 5941
4070, 5942
4070, 5943
4070, 5944
4070, 5945
4070, 5946
4070, 5947
4070, 5948
4070, 5949
4070, 5950
4070, 5951
4071, 5952
4071, 5953
4071, 5954
4071, 5955
4071, 5956
4071, 5957
4071, 5958
4071, 5959
4071, 5960
4071, 5961
4072, 5962
4072, 5963
4072, 5964
4072, 5965
4072, 5966
4072, 5967
4072, 5968
4072, 5969
4072, 5970
4072, 5971
4073, 5972
4073, 5973
4073, 5974
4073, 5975
4073, 5976
4073, 5977
4073, 5978
4073, 5979
4073, 5980
4073, 5981
4074, 5982
4074, 5983
4074, 5984
4074, 5985
4074, 5986
4074, 5987
4074, 5988
4074, 5989
4074, 5990
4074, 5991
4075, 5992
4075, 5993
4075, 5994
4075, 5995
4075, 5996
4075, 5997
4075, 5998
4075, 5999
4075, 6000
4075, 6001
4076, 6002
4076, 6003
4076, 6004
4076, 6005
4076, 6006
4076, 6007
4076, 6008
4076, 6009
4076, 6010
4076, 6011
4077, 6012
4077, 6013
4077, 6014
4077, 6015
4077, 6016
4077, 6017
4077, 6018
4077, 6019
4077, 6020
4077, 6021
4078, 6022
4078, 6023
4078, 6024
4078, 6025
4078, 6026
4078, 6027
4078, 6028
4078, 6029
4078, 6030
4078, 6031
4079, 6032
4079, 6033
4079, 6034
4079, 6035
4079, 6036
4079, 6037
4079, 6038
4079, 6039
4079, 6040
4079, 6041
4080, 6042
4080, 6043
4080, 6044
4080, 6045
4080, 6046
4080, 6047
4080, 6048
4080, 6049
4080, 6050
4080, 6051
4081, 6052
4081, 6053
4081, 6054
4081, 6055
4081, 6056
4081, 6057
4081, 6058
4081, 6059
4081, 6060
4081, 6061
4082, 6062
4082, 6063
4082, 6064
4082, 6065
4082, 6066
4082, 6067
4082, 6068
4082, 6069
4082, 6070
4082, 6071
4083, 6072
4083, 6073
4083, 6074
4083, 6075
4083, 6076
4083, 6077
4083, 6078
4083, 6079
4083, 6080
4083, 6081
4084, 6082
4084, 6083
4084, 6084
4084, 6085
4084, 6086
4084, 6087
4084, 6088
4084, 6089
4084, 6090
4084, 6091
4085, 6092
4085, 6093
4085, 6094
4085, 6095
4085, 6096
4085, 6097
4085, 6098
4085, 6099
4085, 6100
4085, 6101
4086, 6102
4086, 6103
4086, 6104
4086, 6105
4086, 6106
4086, 6107
4086, 6108
4086, 6109
4086, 6110
4086, 6111
4087, 6112
4087, 6113
4087, 6114
4087, 6115
4087, 6116
4087, 6117
4087, 6118
4087, 6119
4087, 6120
4087, 6121
4088, 6122
4088, 6123
4088, 6124
4088, 6125
4088, 6126
4088, 6127
4088, 6128
4088, 6129
4088, 6130
4088, 6131
4089, 6132
4089, 6133
4089, 6134
4089, 6135
4089, 6136
4089, 6137
4089, 6138
4089, 6139
4089, 6140
4089, 6141
4090, 6142
4090, 6143
4090, 6144
4090, 6145
4090, 6146
4090, 6147
4090, 6148
4090, 6149
4090, 6150
4090, 6151
4091, 6152
4091, 6153
4091, 6154
4091, 6155
4091, 6156
4091, 6157
4091, 6158
4091, 6159
4091, 6160
4091, 6161
4092, 6162
4092, 6163
4092, 6164
4092, 6165
4092, 6166
4092, 6167
4092, 6168
4092, 6169
4092, 6170
4092, 6171
4093, 6172
4093, 6173
4093, 6174
4093, 6175
4093, 6176
4093, 6177
4093, 6178
4093, 6179
4093, 6180
4093, 6181
4094, 6182
4094, 6183
4094, 6184
4094, 6185
4094, 6186
4094, 6187
4094, 6188
4094, 6189
4094, 6190
4094, 6191
4095, 6192
4095, 6193
4095, 6194
4095, 6195
4095, 6196
4095, 6197
4095, 6198
4095, 6199
4095, 6200
4095, 6201
4096, 6202
4096, 6203
4096, 6204
4096, 6205
4096, 6206
4096, 6207
4096, 6208
4096, 6209
4096, 6210
4096, 6211
4097, 6212
4097, 6213
4097, 6214
4097, 6215
4097, 6216
4097, 6217
4097, 6218
4097, 6219
4097, 6220
4097, 6221
4098, 6222
4098, 6223
4098, 6224
4098, 6225
4098, 6226
4098, 6227
4098, 6228
4098, 6229
4098, 6230
4098, 6231
4099, 6232
4099, 6233
4099, 6234
4099, 6235
4099, 6236
4099, 6237
4099, 6238
4099, 6239
4099, 6240
4099, 6241
4100, 6242
4100, 6243
4100, 6244
4100, 6245
4100, 6246
4100, 6247
4100, 6248
4100, 6249
4100, 6250
4100, 6251
4101, 6252
4101, 6253
4101, 6254
4101, 6255
4101, 6256
4101, 6257
4101, 6258
4101, 6259
4101, 6260
4101, 6261
4102, 6262
4102, 6263
4102, 6264
4102, 6265
4102, 6266
4102, 6267
4102, 6268
4102, 6269
4102, 6270
4102, 6271
4103, 6272
4103, 6273
4103, 6274
4103, 6275
4103, 6276
4103, 6277
4103, 6278
4103, 6279
4103, 6280
4103, 6281
4104, 6282
4104, 6283
4104, 6284
4104, 6285
4104, 6286
4104, 6287
4104, 6288
4104, 6289
4104, 6290
4104, 6291
4105, 6292
4105, 6293
4105, 6294
4105, 6295
4105, 6296
4105, 6297
4105, 6298
4105, 6299
4105, 6300
4105, 6301
4106, 6302
4106, 6303
4106, 6304
4106, 6305
4106, 6306
4106, 6307
4106, 6308
4106, 6309
4106, 6310
4106, 6311
4107, 6312
4107, 6313
4107, 6314
4107, 6315
4107, 6316
4107, 6317
4107, 6318
4107, 6319
4107, 6320
4107, 6321
4108, 6322
4108, 6323
4108, 6324
4108, 6325
4108, 6326
4108, 6327
4108, 6328
4108, 6329
4108, 6330
4108, 6331
4109, 6332
4109, 6333
4109, 6334
4109, 6335
4109, 6336
4109, 6337
4109, 6338
4109, 6339
4109, 6340
4109, 6341
4110, 6342
4110, 6343
4110, 6344
4110, 6345
4110, 6346
4110, 6347
4110, 6348
4110, 6349
4110, 6350
4110, 6351
4111, 6352
4111, 6353
4111, 6354
4111, 6355
4111, 6356
4111, 6357
4111, 6358
4111, 6359
4111, 6360
4111, 6361
4112, 6362
4112, 6363
4112, 6364
4112, 6365
4112, 6366
4112, 6367
4112, 6368
4112, 6369
4112, 6370
4112, 6371
4113, 6372
4113, 6373
4113, 6374
4113, 6375
4113, 6376
4113, 6377
4113, 6378
4113, 6379
4113, 6380
4113, 6381
4114, 6382
4114, 6383
4114, 6384
4114, 6385
4114, 6386
4114, 6387
4114, 6388
4114, 6389
4114, 6390
4114, 6391
4115, 6392
4115, 6393
4115, 6394
4115, 6395
4115, 6396
4115, 6397
4115, 6398
4115, 6399
4115, 6400
4115, 6401
4116, 6402
4116, 6403
4116, 6404
4116, 6405
4116, 6406
4116, 6407
4116, 6408
4116, 6409
4116, 6410
4116, 6411
4117, 6412
4117, 6413
4117, 6414
4117, 6415
4117, 6416
4117, 6417
4117, 6418
4117, 6419
4117, 6420
4117, 6421
4118, 6422
4118, 6423
4118, 6424
4118, 6425
4118, 6426
4118, 6427
4118, 6428
4118, 6429
4118, 6430
4118, 6431
4119, 6432
4119, 6433
4119, 6434
4119, 6435
4119, 6436
4119, 6437
4119, 6438
4119, 6439
4119, 6440
4119, 6441
4120, 6442
4120, 6443
4120, 6444
4120, 6445
4120, 6446
4120, 6447
4120, 6448
4120, 6449
4120, 6450
4120, 6451
4121, 6452
4121, 6453
4121, 6454
4121, 6455
4121, 6456
4121, 6457
4121, 6458
4121, 6459
4121, 6460
4121, 6461
4122, 6462
4122, 6463
4122, 6464
4122, 6465
4122, 6466
4122, 6467
4122, 6468
4122, 6469
4122, 6470
4122, 6471
4123, 6472
4123, 6473
4123, 6474
4123, 6475
4123, 6476
4123, 6477
4123, 6478
4123, 6479
4123, 6480
4123, 6481
4124, 6482
4124, 6483
4124, 6484
4124, 6485
4124, 6486
4124, 6487
4124, 6488
4124, 6489
4124, 6490
4124, 6491
4125, 6492
4125, 6493
4125, 6494
4125, 6495
4125, 6496
4125, 6497
4125, 6498
4125, 6499
4125, 6500
4125, 6501
4126, 6502
4126, 6503
4126, 6504
4126, 6505
4126, 6506
4126, 6507
4126, 6508
4126, 6509
4126, 6510
4126, 6511
4127, 6512
4127, 6513
4127, 6514
4127, 6515
4127, 6516
4127, 6517
4127, 6518
4127, 6519
4127, 6520
4127, 6521
4128, 6522
4128, 6523
4128, 6524
4128, 6525
4128, 6526
4128, 6527
4128, 6528
4128, 6529
4128, 6530
4128, 6531
4129, 6532
4129, 6533
4129, 6534
4129, 6535
4129, 6536
4129, 6537
4129, 6538
4129, 6539
4129, 6540
4129, 6541
4130, 6542
4130, 6543
4130, 6544
4130, 6545
4130, 6546
4130, 6547
4130, 6548
4130, 6549
4130, 6550
4130, 6551
4131, 6552
4131, 6553
4131, 6554
4131, 6555
4131, 6556
4131, 6557
4131, 6558
4131, 6559
4131, 6560
4131, 6561
4132, 6562
4132, 6563
4132, 6564
4132, 6565
4132, 6566
4132, 6567
4132, 6568
4132, 6569
4132, 6570
4132, 6571
4133, 6572
4133, 6573
4133, 6574
4133, 6575
4133, 6576
4133, 6577
4133, 6578
4133, 6579
4133, 6580
4133, 6581
4134, 6582
4134, 6583
4134, 6584
4134, 6585
4134, 6586
4134, 6587
4134, 6588
4134, 6589
4134, 6590
4134, 6591
4135, 6592
4135, 6593
4135, 6594
4135, 6595
4135, 6596
4135, 6597
4135, 6598
4135, 6599
4135, 6600
4135, 6601
4136, 6602
4136, 6603
4136, 6604
4136, 6605
4136, 6606
4136, 6607
4136, 6608
4136, 6609
4136, 6610
4136, 6611
4137, 6612
4137, 6613
4137, 6614
4137, 6615
4137, 6616
4137, 6617
4137, 6618
4137, 6619
4137, 6620
4137, 6621
4138, 6622
4138, 6623
4138, 6624
4138, 6625
4138, 6626
4138, 6627
4138, 6628
4138, 6629
4138, 6630
4138, 6631
4139, 6632
4139, 6633
4139, 6634
4139, 6635
4139, 6636
4139, 6637
4139, 6638
4139, 6639
4139, 6640
4139, 6641
4140, 6642
4140, 6643
4140, 6644
4140, 6645
4140, 6646
4140, 6647
4140, 6648
4140, 6649
4140, 6650
4140, 6651
4141, 6652
4141, 6653
4141, 6654
4141, 6655
4141, 6656
4141, 6657
4141, 6658
4141, 6659
4141, 6660
4141, 6661
4142, 6662
4142, 6663
4142, 6664
4142, 6665
4142, 6666
4142, 6667
4142, 6668
4142, 6669
4142, 6670
4142, 6671
4143, 6672
4143, 6673
4143, 6674
4143, 6675
4143, 6676
4143, 6677
4143, 6678
4143, 6679
4143, 6680
4143, 6681
4144, 6682
4144, 6683
4144, 6684
4144, 6685
4144, 6686
4144, 6687
4144, 6688
4144, 6689
4144, 6690
4144, 6691
4145, 6692
4145, 6693
4145, 6694
4145, 6695
4145, 6696
4145, 6697
4145, 6698
4145, 6699
4145, 6700
4145, 6701
4146, 6702
4146, 6703
4146, 6704
4146, 6705
4146, 6706
4146, 6707
4146, 6708
4146, 6709
4146, 6710
4146, 6711
4147, 6712
4147, 6713
4147, 6714
4147, 6715
4147, 6716
4147, 6717
4147, 6718
4147, 6719
4147, 6720
4147, 6721
4148, 6722
4148, 6723
4148, 6724
4148, 6725
4148, 6726
4148, 6727
4148, 6728
4148, 6729
4148, 6730
4148, 6731
4149, 6732
4149, 6733
4149, 6734
4149, 6735
4149, 6736
4149, 6737
4149, 6738
4149, 6739
4149, 6740
4149, 6741
4150, 6742
4150, 6743
4150, 6744
4150, 6745
4150, 6746
4150, 6747
4150, 6748
4150, 6749
4150, 6750
4150, 6751
4151, 6752
4151, 6753
4151, 6754
4151, 6755
4151, 6756
4151, 6757
4151, 6758
4151, 6759
4151, 6760
4151, 6761
4152, 6762
4152, 6763
4152, 6764
4152, 6765
4152, 6766
4152, 6767
4152, 6768
4152, 6769
4152, 6770
4152, 6771
4153, 6772
4153, 6773
4153, 6774
4153, 6775
4153, 6776
4153, 6777
4153, 6778
4153, 6779
4153, 6780
4153, 6781
4154, 6782
4154, 6783
4154, 6784
4154, 6785
4154, 6786
4154, 6787
4154, 6788
4154, 6789
4154, 6790
4154, 6791
4155, 6792
4155, 6793
4155, 6794
4155, 6795
4155, 6796
4155, 6797
4155, 6798
4155, 6799
4155, 6800
4155, 6801
4156, 6802
4156, 6803
4156, 6804
4156, 6805
4156, 6806
4156, 6807
4156, 6808
4156, 6809
4156, 6810
4156, 6811
4157, 6812
4157, 6813
4157, 6814
4157, 6815
4157, 6816
4157, 6817
4157, 6818
4157, 6819
4157, 6820
4157, 6821
4158, 6822
4158, 6823
4158, 6824
4158, 6825
4158, 6826
4158, 6827
4158, 6828
4158, 6829
4158, 6830
4158, 6831
4159, 6832
4159, 6833
4159, 6834
4159, 6835
4159, 6836
4159, 6837
4159, 6838
4159, 6839
4159, 6840
4159, 6841
4160, 6842
4160, 6843
4160, 6844
4160, 6845
4160, 6846
4160, 6847
4160, 6848
4160, 6849
4160, 6850
4160, 6851
4161, 6852
4161, 6853
4161, 6854
4161, 6855
4161, 6856
4161, 6857
4161, 6858
4161, 6859
4161, 6860
4161, 6861
4162, 6862
4162, 6863
4162, 6864
4162, 6865
4162, 6866
4162, 6867
4162, 6868
4162, 6869
4162, 6870
4162, 6871
4163, 6872
4163, 6873
4163, 6874
4163, 6875
4163, 6876
4163, 6877
4163, 6878
4163, 6879
4163, 6880
4163, 6881
4164, 6882
4164, 6883
4164, 6884
4164, 6885
4164, 6886
4164, 6887
4164, 6888
4164, 6889
4164, 6890
4164, 6891
4165, 6892
4165, 6893
4165, 6894
4165, 6895
4165, 6896
4165, 6897
4165, 6898
4165, 6899
4165, 6900
4165, 6901
4166, 6902
4166, 6903
4166, 6904
4166, 6905
4166, 6906
4166, 6907
4166, 6908
4166, 6909
4166, 6910
4166, 6911
4167, 6912
4167, 6913
4167, 6914
4167, 6915
4167, 6916
4167, 6917
4167, 6918
4167, 6919
4167, 6920
4167, 6921
4168, 6922
4168, 6923
4168, 6924
4168, 6925
4168, 6926
4168, 6927
4168, 6928
4168, 6929
4168, 6930
4168, 6931
4169, 6932
4169, 6933
4169, 6934
4169, 6935
4169, 6936
4169, 6937
4169, 6938
4169, 6939
4169, 6940
4169, 6941
4170, 6942
4170, 6943
4170, 6944
4170, 6945
4170, 6946
4170, 6947
4170, 6948
4170, 6949
4170, 6950
4170, 6951
4171, 6952
4171, 6953
4171, 6954
4171, 6955
4171, 6956
4171, 6957
4171, 6958
4171, 6959
4171, 6960
4171, 6961
4172, 6962
4172, 6963
4172, 6964
4172, 6965
4172, 6966
4172, 6967
4172, 6968
4172, 6969
4172, 6970
4172, 6971
4173, 6972
4173, 6973
4173, 6974
4173, 6975
4173, 6976
4173, 6977
4173, 6978
4173, 6979
4173, 6980
4173, 6981
4174, 6982
4174, 6983
4174, 6984
4174, 6985
4174, 6986
4174, 6987
4174, 6988
4174, 6989
4174, 6990
4174, 6991
4175, 6992
4175, 6993
4175, 6994
4175, 6995
4175, 6996
4175, 6997
4175, 6998
4175, 6999
4175, 7000
4175, 7001
4176, 7002
4176, 7003
4176, 7004
4176, 7005
4176, 7006
4176, 7007
4176, 7008
4176, 7009
4176, 7010
4176, 7011
4177, 7012
4177, 7013
4177, 7014
4177, 7015
4177, 7016
4177, 7017
4177, 7018
4177, 7019
4177, 7020
4177, 7021
4178, 7022
4178, 7023
4178, 7024
4178, 7025
4178, 7026
4178, 7027
4178, 7028
4178, 7029
4178, 7030
4178, 7031
4179, 7032
4179, 7033
4179, 7034
4179, 7035
4179, 7036
4179, 7037
4179, 7038
4179, 7039
4179, 7040
4179, 7041
4180, 7042
4180, 7043
4180, 7044
4180, 7045
4180, 7046
4180, 7047
4180, 7048
4180, 7049
4180, 7050
4180, 7051
4181, 7052
4181, 7053
4181, 7054
4181, 7055
4181, 7056
4181, 7057
4181, 7058
4181, 7059
4181, 7060
4181, 7061
4182, 7062
4182, 7063
4182, 7064
4182, 7065
4182, 7066
4182, 7067
4182, 7068
4182, 7069
4182, 7070
4182, 7071
4183, 7072
4183, 7073
4183, 7074
4183, 7075
4183, 7076
4183, 7077
4183, 7078
4183, 7079
4183, 7080
4183, 7081
4184, 7082
4184, 7083
4184, 7084
4184, 7085
4184, 7086
4184, 7087
4184, 7088
4184, 7089
4184, 7090
4184, 7091
4185, 7092
4185, 7093
4185, 7094
4185, 7095
4185, 7096
4185, 7097
4185, 7098
4185, 7099
4185, 7100
4185, 7101
4186, 7102
4186, 7103
4186, 7104
4186, 7105
4186, 7106
4186, 7107
4186, 7108
4186, 7109
4186, 7110
4186, 7111
4187, 7112
4187, 7113
4187, 7114
4187, 7115
4187, 7116
4187, 7117
4187, 7118
4187, 7119
4187, 7120
4187, 7121
4188, 7122
4188, 7123
4188, 7124
4188, 7125
4188, 7126
4188, 7127
4188, 7128
4188, 7129
4188, 7130
4188, 7131
4189, 7132
4189, 7133
4189, 7134
4189, 7135
4189, 7136
4189, 7137
4189, 7138
4189, 7139
4189, 7140
4189, 7141
4190, 7142
4190, 7143
4190, 7144
4190, 7145
4190, 7146
4190, 7147
4190, 7148
4190, 7149
4190, 7150
4190, 7151
4191, 7152
4191, 7153
4191, 7154
4191, 7155
4191, 7156
4191, 7157
4191, 7158
4191, 7159
4191, 7160
4191, 7161
4192, 7162
4192, 7163
4192, 7164
4192, 7165
4192, 7166
4192, 7167
4192, 7168
4192, 7169
4192, 7170
4192, 7171
4193, 7172
4193, 7173
4193, 7174
4193, 7175
4193, 7176
4193, 7177
4193, 7178
4193, 7179
4193, 7180
4193, 7181
4194, 7182
4194, 7183
4194, 7184
4194, 7185
4194, 7186
4194, 7187
4194, 7188
4194, 7189
4194, 7190
4194, 7191
4195, 7192
4195, 7193
4195, 7194
4195, 7195
4195, 7196
4195, 7197
4195, 7198
4195, 7199
4195, 7200
4195, 7201
4196, 7202
4196, 7203
4196, 7204
4196, 7205
4196, 7206
4196, 7207
4196, 7208
4196, 7209
4196, 7210
4196, 7211
4197, 7212
4197, 7213
4197, 7214
4197, 7215
4197, 7216
4197, 7217
4197, 7218
4197, 7219
4197, 7220
4197, 7221
4198, 7222
4198, 7223
4198, 7224
4198, 7225
4198, 7226
4198, 7227
4198, 7228
4198, 7229
4198, 7230
4198, 7231
4199, 7232
4199, 7233
4199, 7234
4199, 7235
4199, 7236
4199, 7237
4199, 7238
4199, 7239
4199, 7240
4199, 7241
4200, 7242
4200, 7243
4200, 7244
4200, 7245
4200, 7246
4200, 7247
4200, 7248
4200, 7249
4200, 7250
4200, 7251
4201, 7252
4201, 7253
4201, 7254
4201, 7255
4201, 7256
4201, 7257
4201, 7258
4201, 7259
4201, 7260
4201, 7261
4202, 7262
4202, 7263
4202, 7264
4202, 7265
4202, 7266
4202, 7267
4202, 7268
4202, 7269
4202, 7270
4202, 7271
4203, 7272
4203, 7273
4203, 7274
4203, 7275
4203, 7276
4203, 7277
4203, 7278
4203, 7279
4203, 7280
4203, 7281
4204, 7282
4204, 7283
4204, 7284
4204, 7285
4204, 7286
4204, 7287
4204, 7288
4204, 7289
4204, 7290
4204, 7291
4205, 7292
4205, 7293
4205, 7294
4205, 7295
4205, 7296
4205, 7297
4205, 7298
4205, 7299
4205, 7300
4205, 7301
4206, 7302
4206, 7303
4206, 7304
4206, 7305
4206, 7306
4206, 7307
4206, 7308
4206, 7309
4206, 7310
4206, 7311
4207, 7312
4207, 7313
4207, 7314
4207, 7315
4207, 7316
4207, 7317
4207, 7318
4207, 7319
4207, 7320
4207, 7321
4208, 7322
4208, 7323
4208, 7324
4208, 7325
4208, 7326
4208, 7327
4208, 7328
4208, 7329
4208, 7330
4208, 7331
4209, 7332
4209, 7333
4209, 7334
4209, 7335
4209, 7336
4209, 7337
4209, 7338
4209, 7339
4209, 7340
4209, 7341
4210, 7342
4210, 7343
4210, 7344
4210, 7345
4210, 7346
4210, 7347
4210, 7348
4210, 7349
4210, 7350
4210, 7351
4211, 7352
4211, 7353
4211, 7354
4211, 7355
4211, 7356
4211, 7357
4211, 7358
4211, 7359
4211, 7360
4211, 7361
4212, 7362
4212, 7363
4212, 7364
4212, 7365
4212, 7366
4212, 7367
4212, 7368
4212, 7369
4212, 7370
4212, 7371
4213, 7372
4213, 7373
4213, 7374
4213, 7375
4213, 7376
4213, 7377
4213, 7378
4213, 7379
4213, 7380
4213, 7381
4214, 7382
4214, 7383
4214, 7384
4214, 7385
4214, 7386
4214, 7387
4214, 7388
4214, 7389
4214, 7390
4214, 7391
4215, 7392
4215, 7393
4215, 7394
4215, 7395
4215, 7396
4215, 7397
4215, 7398
4215, 7399
4215, 7400
4215, 7401
4216, 7402
4216, 7403
4216, 7404
4216, 7405
4216, 7406
4216, 7407
4216, 7408
4216, 7409
4216, 7410
4216, 7411
4217, 7412
4217, 7413
4217, 7414
4217, 7415
4217, 7416
4217, 7417
4217, 7418
4217, 7419
4217, 7420
4217, 7421
4218, 7422
4218, 7423
4218, 7424
4218, 7425
4218, 7426
4218, 7427
4218, 7428
4218, 7429
4218, 7430
4218, 7431
4219, 7432
4219, 7433
4219, 7434
4219, 7435
4219, 7436
4219, 7437
4219, 7438
4219, 7439
4219, 7440
4219, 7441
4220, 7442
4220, 7443
4220, 7444
4220, 7445
4220, 7446
4220, 7447
4220, 7448
4220, 7449
4220, 7450
4220, 7451
4221, 7452
4221, 7453
4221, 7454
4221, 7455
4221, 7456
4221, 7457
4221, 7458
4221, 7459
4221, 7460
4221, 7461
4222, 7462
4222, 7463
4222, 7464
4222, 7465
4222, 7466
4222, 7467
4222, 7468
4222, 7469
4222, 7470
4222, 7471
4223, 7472
4223, 7473
4223, 7474
4223, 7475
4223, 7476
4223, 7477
4223, 7478
4223, 7479
4223, 7480
4223, 7481
4224, 7482
4224, 7483
4224, 7484
4224, 7485
4224, 7486
4224, 7487
4224, 7488
4224, 7489
4224, 7490
4224, 7491
4225, 7492
4225, 7493
4225, 7494
4225, 7495
4225, 7496
4225, 7497
4225, 7498
4225, 7499
4225, 7500
4225, 7501
4226, 7502
4226, 7503
4226, 7504
4226, 7505
4226, 7506
4226, 7507
4226, 7508
4226, 7509
4226, 7510
4226, 7511
4227, 7512
4227, 7513
4227, 7514
4227, 7515
4227, 7516
4227, 7517
4227, 7518
4227, 7519
4227, 7520
4227, 7521
4228, 7522
4228, 7523
4228, 7524
4228, 7525
4228, 7526
4228, 7527
4228, 7528
4228, 7529
4228, 7530
4228, 7531
4229, 7532
4229, 7533
4229, 7534
4229, 7535
4229, 7536
4229, 7537
4229, 7538
4229, 7539
4229, 7540
4229, 7541
4230, 7542
4230, 7543
4230, 7544
4230, 7545
4230, 7546
4230, 7547
4230, 7548
4230, 7549
4230, 7550
4230, 7551
4231, 7552
4231, 7553
4231, 7554
4231, 7555
4231, 7556
4231, 7557
4231, 7558
4231, 7559
4231, 7560
4231, 7561
4232, 7562
4232, 7563
4232, 7564
4232, 7565
4232, 7566
4232, 7567
4232, 7568
4232, 7569
4232, 7570
4232, 7571
4233, 7572
4233, 7573
4233, 7574
4233, 7575
4233, 7576
4233, 7577
4233, 7578
4233, 7579
4233, 7580
4233, 7581
4234, 7582
4234, 7583
4234, 7584
4234, 7585
4234, 7586
4234, 7587
4234, 7588
4234, 7589
4234, 7590
4234, 7591
4235, 7592
4235, 7593
4235, 7594
4235, 7595
4235, 7596
4235, 7597
4235, 7598
4235, 7599
4235, 7600
4235, 7601
4236, 7602
4236, 7603
4236, 7604
4236, 7605
4236, 7606
4236, 7607
4236, 7608
4236, 7609
4236, 7610
4236, 7611
4237, 7612
4237, 7613
4237, 7614
4237, 7615
4237, 7616
4237, 7617
4237, 7618
4237, 7619
4237, 7620
4237, 7621
4238, 7622
4238, 7623
4238, 7624
4238, 7625
4238, 7626
4238, 7627
4238, 7628
4238, 7629
4238, 7630
4238, 7631
4239, 7632
4239, 7633
4239, 7634
4239, 7635
4239, 7636
4239, 7637
4239, 7638
4239, 7639
4239, 7640
4239, 7641
4240, 7642
4240, 7643
4240, 7644
4240, 7645
4240, 7646
4240, 7647
4240, 7648
4240, 7649
4240, 7650
4240, 7651
4241, 7652
4241, 7653
4241, 7654
4241, 7655
4241, 7656
4241, 7657
4241, 7658
4241, 7659
4241, 7660
4241, 7661
4242, 7662
4242, 7663
4242, 7664
4242, 7665
4242, 7666
4242, 7667
4242, 7668
4242, 7669
4242, 7670
4242, 7671
4243, 7672
4243, 7673
4243, 7674
4243, 7675
4243, 7676
4243, 7677
4243, 7678
4243, 7679
4243, 7680
4243, 7681
4244, 7682
4244, 7683
4244, 7684
4244, 7685
4244, 7686
4244, 7687
4244, 7688
4244, 7689
4244, 7690
4244, 7691
4245, 7692
4245, 7693
4245, 7694
4245, 7695
4245, 7696
4245, 7697
4245, 7698
4245, 7699
4245, 7700
4245, 7701
4246, 7702
4246, 7703
4246, 7704
4246, 7705
4246, 7706
4246, 7707
4246, 7708
4246, 7709
4246, 7710
4246, 7711
4247, 7712
4247, 7713
4247, 7714
4247, 7715
4247, 7716
4247, 7717
4247, 7718
4247, 7719
4247, 7720
4247, 7721
4248, 7722
4248, 7723
4248, 7724
4248, 7725
4248, 7726
4248, 7727
4248, 7728
4248, 7729
4248, 7730
4248, 7731
4249, 7732
4249, 7733
4249, 7734
4249, 7735
4249, 7736
4249, 7737
4249, 7738
4249, 7739
4249, 7740
4249, 7741
4250, 7742
4250, 7743
4250, 7744
4250, 7745
4250, 7746
4250, 7747
4250, 7748
4250, 7749
4250, 7750
4250, 7751
4251, 7752
4251, 7753
4251, 7754
4251, 7755
4251, 7756
4251, 7757
4251, 7758
4251, 7759
4251, 7760
4251, 7761
4252, 7762
4252, 7763
4252, 7764
4252, 7765
4252, 7766
4252, 7767
4252, 7768
4252, 7769
4252, 7770
4252, 7771
4253, 7772
4253, 7773
4253, 7774
4253, 7775
4253, 7776
4253, 7777
4253, 7778
4253, 7779
4253, 7780
4253, 7781
4254, 7782
4254, 7783
4254, 7784
4254, 7785
4254, 7786
4254, 7787
4254, 7788
4254, 7789
4254, 7790
4254, 7791
4255, 7792
4255, 7793
4255, 7794
4255, 7795
4255, 7796
4255, 7797
4255, 7798
4255, 7799
4255, 7800
4255, 7801
4256, 7802
4256, 7803
4256, 7804
4256, 7805
4256, 7806
4256, 7807
4256, 7808
4256, 7809
4256, 7810
4256, 7811
4257, 7812
4257, 7813
4257, 7814
4257, 7815
4257, 7816
4257, 7817
4257, 7818
4257, 7819
4257, 7820
4257, 7821
4258, 7822
4258, 7823
4258, 7824
4258, 7825
4258, 7826
4258, 7827
4258, 7828
4258, 7829
4258, 7830
4258, 7831
4259, 7832
4259, 7833
4259, 7834
4259, 7835
4259, 7836
4259, 7837
4259, 7838
4259, 7839
4259, 7840
4259, 7841
4260, 7842
4260, 7843
4260, 7844
4260, 7845
4260, 7846
4260, 7847
4260, 7848
4260, 7849
4260, 7850
4260, 7851
4261, 7852
4261, 7853
4261, 7854
4261, 7855
4261, 7856
4261, 7857
4261, 7858
4261, 7859
4261, 7860
4261, 7861
4262, 7862
4262, 7863
4262, 7864
4262, 7865
4262, 7866
4262, 7867
4262, 7868
4262, 7869
4262, 7870
4262, 7871
4263, 7872
4263, 7873
4263, 7874
4263, 7875
4263, 7876
4263, 7877
4263, 7878
4263, 7879
4263, 7880
4263, 7881
4264, 7882
4264, 7883
4264, 7884
4264, 7885
4264, 7886
4264, 7887
4264, 7888
4264, 7889
4264, 7890
4264, 7891
4265, 7892
4265, 7893
4265, 7894
4265, 7895
4265, 7896
4265, 7897
4265, 7898
4265, 7899
4265, 7900
4265, 7901
4266, 7902
4266, 7903
4266, 7904
4266, 7905
4266, 7906
4266, 7907
4266, 7908
4266, 7909
4266, 7910
4266, 7911
4267, 7912
4267, 7913
4267, 7914
4267, 7915
4267, 7916
4267, 7917
4267, 7918
4267, 7919
4267, 7920
4267, 7921
4268, 7922
4268, 7923
4268, 7924
4268, 7925
4268, 7926
4268, 7927
4268, 7928
4268, 7929
4268, 7930
4268, 7931
4269, 7932
4269, 7933
4269, 7934
4269, 7935
4269, 7936
4269, 7937
4269, 7938
4269, 7939
4269, 7940
4269, 7941
4270, 7942
4270, 7943
4270, 7944
4270, 7945
4270, 7946
4270, 7947
4270, 7948
4270, 7949
4270, 7950
4270, 7951
4271, 7952
4271, 7953
4271, 7954
4271, 7955
4271, 7956
4271, 7957
4271, 7958
4271, 7959
4271, 7960
4271, 7961
4272, 7962
4272, 7963
4272, 7964
4272, 7965
4272, 7966
4272, 7967
4272, 7968
4272, 7969
4272, 7970
4272, 7971
4273, 7972
4273, 7973
4273, 7974
4273, 7975
4273, 7976
4273, 7977
4273, 7978
4273, 7979
4273, 7980
4273, 7981
4274, 7982
4274, 7983
4274, 7984
4274, 7985
4274, 7986
4274, 7987
4274, 7988
4274, 7989
4274, 7990
4274, 7991
4275, 7992
4275, 7993
4275, 7994
4275, 7995
4275, 7996
4275, 7997
4275, 7998
4275, 7999
4275, 8000
4275, 8001
4276, 8002
4276, 8003
4276, 8004
4276, 8005
4276, 8006
4276, 8007
4276, 8008
4276, 8009
4276, 8010
4276, 8011
4277, 8012
4277, 8013
4277, 8014
4277, 8015
4277, 8016
4277, 8017
4277, 8018
4277, 8019
4277, 8020
4277, 8021
4278, 8022
4278, 8023
4278, 8024
4278, 8025
4278, 8026
4278, 8027
4278, 8028
4278, 8029
4278, 8030
4278, 8031
4279, 8032
4279, 8033
4279, 8034
4279, 8035
4279, 8036
4279, 8037
4279, 8038
4279, 8039
4279, 8040
4279, 8041
4280, 8042
4280, 8043
4280, 8044
4280, 8045
4280, 8046
4280, 8047
4280, 8048
4280, 8049
4280, 8050
4280, 8051
4281, 8052
4281, 8053
4281, 8054
4281, 8055
4281, 8056
4281, 8057
4281, 8058
4281, 8059
4281, 8060
4281, 8061
4282, 8062
4282, 8063
4282, 8064
4282, 8065
4282, 8066
4282, 8067
4282, 8068
4282, 8069
4282, 8070
4282, 8071
4283, 8072
4283, 8073
4283, 8074
4283, 8075
4283, 8076
4283, 8077
4283, 8078
4283, 8079
4283, 8080
4283, 8081
4284, 8082
4284, 8083
4284, 8084
4284, 8085
4284, 8086
4284, 8087
4284, 8088
4284, 8089
4284, 8090
4284, 8091
4285, 8092
4285, 8093
4285, 8094
4285, 8095
4285, 8096
4285, 8097
4285, 8098
4285, 8099
4285, 8100
4285, 8101
4286, 8102
4286, 8103
4286, 8104
4286, 8105
4286, 8106
4286, 8107
4286, 8108
4286, 8109
4286, 8110
4286, 8111
4287, 8112
4287, 8113
4287, 8114
4287, 8115
4287, 8116
4287, 8117
4287, 8118
4287, 8119
4287, 8120
4287, 8121
4288, 8122
4288, 8123
4288, 8124
4288, 8125
4288, 8126
4288, 8127
4288, 8128
4288, 8129
4288, 8130
4288, 8131
4289, 8132
4289, 8133
4289, 8134
4289, 8135
4289, 8136
4289, 8137
4289, 8138
4289, 8139
4289, 8140
4289, 8141
4290, 8142
4290, 8143
4290, 8144
4290, 8145
4290, 8146
4290, 8147
4290, 8148
4290, 8149
4290, 8150
4290, 8151
4291, 8152
4291, 8153
4291, 8154
4291, 8155
4291, 8156
4291, 8157
4291, 8158
4291, 8159
4291, 8160
4291, 8161
4292, 8162
4292, 8163
4292, 8164
4292, 8165
4292, 8166
4292, 8167
4292, 8168
4292, 8169
4292, 8170
4292, 8171
4293, 8172
4293, 8173
4293, 8174
4293, 8175
4293, 8176
4293, 8177
4293, 8178
4293, 8179
4293, 8180
4293, 8181
4294, 8182
4294, 8183
4294, 8184
4294, 8185
4294, 8186
4294, 8187
4294, 8188
4294, 8189
4294, 8190
4294, 8191
4295, 8192
4295, 8193
4295, 8194
4295, 8195
4295, 8196
4295, 8197
4295, 8198
4295, 8199
4295, 8200
4295, 8201
4296, 8202
4296, 8203
4296, 8204
4296, 8205
4296, 8206
4296, 8207
4296, 8208
4296, 8209
4296, 8210
4296, 8211
4297, 8212
4297, 8213
4297, 8214
4297, 8215
4297, 8216
4297, 8217
4297, 8218
4297, 8219
4297, 8220
4297, 8221
4298, 8222
4298, 8223
4298, 8224
4298, 8225
4298, 8226
4298, 8227
4298, 8228
4298, 8229
4298, 8230
4298, 8231
4299, 8232
4299, 8233
4299, 8234
4299, 8235
4299, 8236
4299, 8237
4299, 8238
4299, 8239
4299, 8240
4299, 8241
4300, 8242
4300, 8243
4300, 8244
4300, 8245
4300, 8246
4300, 8247
4300, 8248
4300, 8249
4300, 8250
4300, 8251
4301, 8252
4301, 8253
4301, 8254
4301, 8255
4301, 8256
4301, 8257
4301, 8258
4301, 8259
4301, 8260
4301, 8261
4302, 8262
4302, 8263
4302, 8264
4302, 8265
4302, 8266
4302, 8267
4302, 8268
4302, 8269
4302, 8270
4302, 8271
4303, 8272
4303, 8273
4303, 8274
4303, 8275
4303, 8276
4303, 8277
4303, 8278
4303, 8279
4303, 8280
4303, 8281
4304, 8282
4304, 8283
4304, 8284
4304, 8285
4304, 8286
4304, 8287
4304, 8288
4304, 8289
4304, 8290
4304, 8291
4305, 8292
4305, 8293
4305, 8294
4305, 8295
4305, 8296
4305, 8297
4305, 8298
4305, 8299
4305, 8300
4305, 8301
4306, 8302
4306, 8303
4306, 8304
4306, 8305
4306, 8306
4306, 8307
4306, 8308
4306, 8309
4306, 8310
4306, 8311
4307, 8312
4307, 8313
4307, 8314
4307, 8315
4307, 8316
4307, 8317
4307, 8318
4307, 8319
4307, 8320
4307, 8321
4308, 8322
4308, 8323
4308, 8324
4308, 8325
4308, 8326
4308, 8327
4308, 8328
4308, 8329
4308, 8330
4308, 8331
4309, 8332
4309, 8333
4309, 8334
4309, 8335
4309, 8336
4309, 8337
4309, 8338
4309, 8339
4309, 8340
4309, 8341
4310, 8342
4310, 8343
4310, 8344
4310, 8345
4310, 8346
4310, 8347
4310, 8348
4310, 8349
4310, 8350
4310, 8351
4311, 8352
4311, 8353
4311, 8354
4311, 8355
4311, 8356
4311, 8357
4311, 8358
4311, 8359
4311, 8360
4311, 8361
4312, 8362
4312, 8363
4312, 8364
4312, 8365
4312, 8366
4312, 8367
4312, 8368
4312, 8369
4312, 8370
4312, 8371
4313, 8372
4313, 8373
4313, 8374
4313, 8375
4313, 8376
4313, 8377
4313, 8378
4313, 8379
4313, 8380
4313, 8381
4314, 8382
4314, 8383
4314, 8384
4314, 8385
4314, 8386
4314, 8387
4314, 8388
4314, 8389
4314, 8390
4314, 8391
4315, 8392
4315, 8393
4315, 8394
4315, 8395
4315, 8396
4315, 8397
4315, 8398
4315, 8399
4315, 8400
4315, 8401
4316, 8402
4316, 8403
4316, 8404
4316, 8405
4316, 8406
4316, 8407
4316, 8408
4316, 8409
4316, 8410
4316, 8411
4317, 8412
4317, 8413
4317, 8414
4317, 8415
4317, 8416
4317, 8417
4317, 8418
4317, 8419
4317, 8420
4317, 8421
4318, 8422
4318, 8423
4318, 8424
4318, 8425
4318, 8426
4318, 8427
4318, 8428
4318, 8429
4318, 8430
4318, 8431
4319, 8432
4319, 8433
4319, 8434
4319, 8435
4319, 8436
4319, 8437
4319, 8438
4319, 8439
4319, 8440
4319, 8441
4320, 8442
4320, 8443
4320, 8444
4320, 8445
4320, 8446
4320, 8447
4320, 8448
4320, 8449
4320, 8450
4320, 8451
4321, 8452
4321, 8453
4321, 8454
4321, 8455
4321, 8456
4321, 8457
4321, 8458
4321, 8459
4321, 8460
4321, 8461
4322, 8462
4322, 8463
4322, 8464
4322, 8465
4322, 8466
4322, 8467
4322, 8468
4322, 8469
4322, 8470
4322, 8471
4323, 8472
4323, 8473
4323, 8474
4323, 8475
4323, 8476
4323, 8477
4323, 8478
4323, 8479
4323, 8480
4323, 8481
4324, 8482
4324, 8483
4324, 8484
4324, 8485
4324, 8486
4324, 8487
4324, 8488
4324, 8489
4324, 8490
4324, 8491
4325, 8492
4325, 8493
4325, 8494
4325, 8495
4325, 8496
4325, 8497
4325, 8498
4325, 8499
4325, 8500
4325, 8501
4326, 8502
4326, 8503
4326, 8504
4326, 8505
4326, 8506
4326, 8507
4326, 8508
4326, 8509
4326, 8510
4326, 8511
4327, 8512
4327, 8513
4327, 8514
4327, 8515
4327, 8516
4327, 8517
4327, 8518
4327, 8519
4327, 8520
4327, 8521
4328, 8522
4328, 8523
4328, 8524
4328, 8525
4328, 8526
4328, 8527
4328, 8528
4328, 8529
4328, 8530
4328, 8531
4329, 8532
4329, 8533
4329, 8534
4329, 8535
4329, 8536
4329, 8537
4329, 8538
4329, 8539
4329, 8540
4329, 8541
4330, 8542
4330, 8543
4330, 8544
4330, 8545
4330, 8546
4330, 8547
4330, 8548
4330, 8549
4330, 8550
4330, 8551
4331, 8552
4331, 8553
4331, 8554
4331, 8555
4331, 8556
4331, 8557
4331, 8558
4331, 8559
4331, 8560
4331, 8561
4332, 8562
4332, 8563
4332, 8564
4332, 8565
4332, 8566
4332, 8567
4332, 8568
4332, 8569
4332, 8570
4332, 8571
4333, 8572
4333, 8573
4333, 8574
4333, 8575
4333, 8576
4333, 8577
4333, 8578
4333, 8579
4333, 8580
4333, 8581
4334, 8582
4334, 8583
4334, 8584
4334, 8585
4334, 8586
4334, 8587
4334, 8588
4334, 8589
4334, 8590
4334, 8591
4335, 8592
4335, 8593
4335, 8594
4335, 8595
4335, 8596
4335, 8597
4335, 8598
4335, 8599
4335, 8600
4335, 8601
4336, 8602
4336, 8603
4336, 8604
4336, 8605
4336, 8606
4336, 8607
4336, 8608
4336, 8609
4336, 8610
4336, 8611
4337, 8612
4337, 8613
4337, 8614
4337, 8615
4337, 8616
4337, 8617
4337, 8618
4337, 8619
4337, 8620
4337, 8621
4338, 8622
4338, 8623
4338, 8624
4338, 8625
4338, 8626
4338, 8627
4338, 8628
4338, 8629
4338, 8630
4338, 8631
4339, 8632
4339, 8633
4339, 8634
4339, 8635
4339, 8636
4339, 8637
4339, 8638
4339, 8639
4339, 8640
4339, 8641
4340, 8642
4340, 8643
4340, 8644
4340, 8645
4340, 8646
4340, 8647
4340, 8648
4340, 8649
4340, 8650
4340, 8651
4341, 8652
4341, 8653
4341, 8654
4341, 8655
4341, 8656
4341, 8657
4341, 8658
4341, 8659
4341, 8660
4341, 8661
4342, 8662
4342, 8663
4342, 8664
4342, 8665
4342, 8666
4342, 8667
4342, 8668
4342, 8669
4342, 8670
4342, 8671
4343, 8672
4343, 8673
4343, 8674
4343, 8675
4343, 8676
4343, 8677
4343, 8678
4343, 8679
4343, 8680
4343, 8681
4344, 8682
4344, 8683
4344, 8684
4344, 8685
4344, 8686
4344, 8687
4344, 8688
4344, 8689
4344, 8690
4344, 8691
4345, 8692
4345, 8693
4345, 8694
4345, 8695
4345, 8696
4345, 8697
4345, 8698
4345, 8699
4345, 8700
4345, 8701
4346, 8702
4346, 8703
4346, 8704
4346, 8705
4346, 8706
4346, 8707
4346, 8708
4346, 8709
4346, 8710
4346, 8711
4347, 8712
4347, 8713
4347, 8714
4347, 8715
4347, 8716
4347, 8717
4347, 8718
4347, 8719
4347, 8720
4347, 8721
4348, 8722
4348, 8723
4348, 8724
4348, 8725
4348, 8726
4348, 8727
4348, 8728
4348, 8729
4348, 8730
4348, 8731
4349, 8732
4349, 8733
4349, 8734
4349, 8735
4349, 8736
4349, 8737
4349, 8738
4349, 8739
4349, 8740
4349, 8741
4350, 8742
4350, 8743
4350, 8744
4350, 8745
4350, 8746
4350, 8747
4350, 8748
4350, 8749
4350, 8750
4350, 8751
4351, 8752
4351, 8753
4351, 8754
4351, 8755
4351, 8756
4351, 8757
4351, 8758
4351, 8759
4351, 8760
4351, 8761
4352, 8762
4352, 8763
4352, 8764
4352, 8765
4352, 8766
4352, 8767
4352, 8768
4352, 8769
4352, 8770
4352, 8771
4353, 8772
4353, 8773
4353, 8774
4353, 8775
4353, 8776
4353, 8777
4353, 8778
4353, 8779
4353, 8780
4353, 8781
4354, 8782
4354, 8783
4354, 8784
4354, 8785
4354, 8786
4354, 8787
4354, 8788
4354, 8789
4354, 8790
4354, 8791
4355, 8792
4355, 8793
4355, 8794
4355, 8795
4355, 8796
4355, 8797
4355, 8798
4355, 8799
4355, 8800
4355, 8801
4356, 8802
4356, 8803
4356, 8804
4356, 8805
4356, 8806
4356, 8807
4356, 8808
4356, 8809
4356, 8810
4356, 8811
4357, 8812
4357, 8813
4357, 8814
4357, 8815
4357, 8816
4357, 8817
4357, 8818
4357, 8819
4357, 8820
4357, 8821
4358, 8822
4358, 8823
4358, 8824
4358, 8825
4358, 8826
4358, 8827
4358, 8828
4358, 8829
4358, 8830
4358, 8831
4359, 8832
4359, 8833
4359, 8834
4359, 8835
4359, 8836
4359, 8837
4359, 8838
4359, 8839
4359, 8840
4359, 8841
4360, 8842
4360, 8843
4360, 8844
4360, 8845
4360, 8846
4360, 8847
4360, 8848
4360, 8849
4360, 8850
4360, 8851
4361, 8852
4361, 8853
4361, 8854
4361, 8855
4361, 8856
4361, 8857
4361, 8858
4361, 8859
4361, 8860
4361, 8861
4362, 8862
4362, 8863
4362, 8864
4362, 8865
4362, 8866
4362, 8867
4362, 8868
4362, 8869
4362, 8870
4362, 8871
4363, 8872
4363, 8873
4363, 8874
4363, 8875
4363, 8876
4363, 8877
4363, 8878
4363, 8879
4363, 8880
4363, 8881
4364, 8882
4364, 8883
4364, 8884
4364, 8885
4364, 8886
4364, 8887
4364, 8888
4364, 8889
4364, 8890
4364, 8891
4365, 8892
4365, 8893
4365, 8894
4365, 8895
4365, 8896
4365, 8897
4365, 8898
4365, 8899
4365, 8900
4365, 8901
4366, 8902
4366, 8903
4366, 8904
4366, 8905
4366, 8906
4366, 8907
4366, 8908
4366, 8909
4366, 8910
4366, 8911
4367, 8912
4367, 8913
4367, 8914
4367, 8915
4367, 8916
4367, 8917
4367, 8918
4367, 8919
4367, 8920
4367, 8921
4368, 8922
4368, 8923
4368, 8924
4368, 8925
4368, 8926
4368, 8927
4368, 8928
4368, 8929
4368, 8930
4368, 8931
4369, 8932
4369, 8933
4369, 8934
4369, 8935
4369, 8936
4369, 8937
4369, 8938
4369, 8939
4369, 8940
4369, 8941
4370, 8942
4370, 8943
4370, 8944
4370, 8945
4370, 8946
4370, 8947
4370, 8948
4370, 8949
4370, 8950
4370, 8951
4371, 8952
4371, 8953
4371, 8954
4371, 8955
4371, 8956
4371, 8957
4371, 8958
4371, 8959
4371, 8960
4371, 8961
4372, 8962
4372, 8963
4372, 8964
4372, 8965
4372, 8966
4372, 8967
4372, 8968
4372, 8969
4372, 8970
4372, 8971
4373, 8972
4373, 8973
4373, 8974
4373, 8975
4373, 8976
4373, 8977
4373, 8978
4373, 8979
4373, 8980
4373, 8981
4374, 8982
4374, 8983
4374, 8984
4374, 8985
4374, 8986
4374, 8987
4374, 8988
4374, 8989
4374, 8990
4374, 8991
4375, 8992
4375, 8993
4375, 8994
4375, 8995
4375, 8996
4375, 8997
4375, 8998
4375, 8999
4375, 9000
4375, 9001
4376, 9002
4376, 9003
4376, 9004
4376, 9005
4376, 9006
4376, 9007
4376, 9008
4376, 9009
4376, 9010
4376, 9011
4377, 9012
4377, 9013
4377, 9014
4377, 9015
4377, 9016
4377, 9017
4377, 9018
4377, 9019
4377, 9020
4377, 9021
4378, 9022
4378, 9023
4378, 9024
4378, 9025
4378, 9026
4378, 9027
4378, 9028
4378, 9029
4378, 9030
4378, 9031
4379, 9032
4379, 9033
4379, 9034
4379, 9035
4379, 9036
4379, 9037
4379, 9038
4379, 9039
4379, 9040
4379, 9041
4380, 9042
4380, 9043
4380, 9044
4380, 9045
4380, 9046
4380, 9047
4380, 9048
4380, 9049
4380, 9050
4380, 9051
4381, 9052
4381, 9053
4381, 9054
4381, 9055
4381, 9056
4381, 9057
4381, 9058
4381, 9059
4381, 9060
4381, 9061
4382, 9062
4382, 9063
4382, 9064
4382, 9065
4382, 9066
4382, 9067
4382, 9068
4382, 9069
4382, 9070
4382, 9071
4383, 9072
4383, 9073
4383, 9074
4383, 9075
4383, 9076
4383, 9077
4383, 9078
4383, 9079
4383, 9080
4383, 9081
4384, 9082
4384, 9083
4384, 9084
4384, 9085
4384, 9086
4384, 9087
4384, 9088
4384, 9089
4384, 9090
4384, 9091
4385, 9092
4385, 9093
4385, 9094
4385, 9095
4385, 9096
4385, 9097
4385, 9098
4385, 9099
4385, 9100
4385, 9101
4386, 9102
4386, 9103
4386, 9104
4386, 9105
4386, 9106
4386, 9107
4386, 9108
4386, 9109
4386, 9110
4386, 9111
4387, 9112
4387, 9113
4387, 9114
4387, 9115
4387, 9116
4387, 9117
4387, 9118
4387, 9119
4387, 9120
4387, 9121
4388, 9122
4388, 9123
4388, 9124
4388, 9125
4388, 9126
4388, 9127
4388, 9128
4388, 9129
4388, 9130
4388, 9131
4389, 9132
4389, 9133
4389, 9134
4389, 9135
4389, 9136
4389, 9137
4389, 9138
4389, 9139
4389, 9140
4389, 9141
4390, 9142
4390, 9143
4390, 9144
4390, 9145
4390, 9146
4390, 9147
4390, 9148
4390, 9149
4390, 9150
4390, 9151
4391, 9152
4391, 9153
4391, 9154
4391, 9155
4391, 9156
4391, 9157
4391, 9158
4391, 9159
4391, 9160
4391, 9161
4392, 9162
4392, 9163
4392, 9164
4392, 9165
4392, 9166
4392, 9167
4392, 9168
4392, 9169
4392, 9170
4392, 9171
4393, 9172
4393, 9173
4393, 9174
4393, 9175
4393, 9176
4393, 9177
4393, 9178
4393, 9179
4393, 9180
4393, 9181
4394, 9182
4394, 9183
4394, 9184
4394, 9185
4394, 9186
4394, 9187
4394, 9188
4394, 9189
4394, 9190
4394, 9191
4395, 9192
4395, 9193
4395, 9194
4395, 9195
4395, 9196
4395, 9197
4395, 9198
4395, 9199
4395, 9200
4395, 9201
4396, 9202
4396, 9203
4396, 9204
4396, 9205
4396, 9206
4396, 9207
4396, 9208
4396, 9209
4396, 9210
4396, 9211
4397, 9212
4397, 9213
4397, 9214
4397, 9215
4397, 9216
4397, 9217
4397, 9218
4397, 9219
4397, 9220
4397, 9221
4398, 9222
4398, 9223
4398, 9224
4398, 9225
4398, 9226
4398, 9227
4398, 9228
4398, 9229
4398, 9230
4398, 9231
4399, 9232
4399, 9233
4399, 9234
4399, 9235
4399, 9236
4399, 9237
4399, 9238
4399, 9239
4399, 9240
4399, 9241
4400, 9242
4400, 9243
4400, 9244
4400, 9245
4400, 9246
4400, 9247
4400, 9248
4400, 9249
4400, 9250
4400, 9251
4401, 9252
4401, 9253
4401, 9254
4401, 9255
4401, 9256
4401, 9257
4401, 9258
4401, 9259
4401, 9260
4401, 9261
4402, 9262
4402, 9263
4402, 9264
4402, 9265
4402, 9266
4402, 9267
4402, 9268
4402, 9269
4402, 9270
4402, 9271
4403, 9272
4403, 9273
4403, 9274
4403, 9275
4403, 9276
4403, 9277
4403, 9278
4403, 9279
4403, 9280
4403, 9281
4404, 9282
4404, 9283
4404, 9284
4404, 9285
4404, 9286
4404, 9287
4404, 9288
4404, 9289
4404, 9290
4404, 9291
4405, 9292
4405, 9293
4405, 9294
4405, 9295
4405, 9296
4405, 9297
4405, 9298
4405, 9299
4405, 9300
4405, 9301
4406, 9302
4406, 9303
4406, 9304
4406, 9305
4406, 9306
4406, 9307
4406, 9308
4406, 9309
4406, 9310
4406, 9311
4407, 9312
4407, 9313
4407, 9314
4407, 9315
4407, 9316
4407, 9317
4407, 9318
4407, 9319
4407, 9320
4407, 9321
4408, 9322
4408, 9323
4408, 9324
4408, 9325
4408, 9326
4408, 9327
4408, 9328
4408, 9329
4408, 9330
4408, 9331
4409, 9332
4409, 9333
4409, 9334
4409, 9335
4409, 9336
4409, 9337
4409, 9338
4409, 9339
4409, 9340
4409, 9341
4410, 9342
4410, 9343
4410, 9344
4410, 9345
4410, 9346
4410, 9347
4410, 9348
4410, 9349
4410, 9350
4410, 9351
4411, 9352
4411, 9353
4411, 9354
4411, 9355
4411, 9356
4411, 9357
4411, 9358
4411, 9359
4411, 9360
4411, 9361
4412, 9362
4412, 9363
4412, 9364
4412, 9365
4412, 9366
4412, 9367
4412, 9368
4412, 9369
4412, 9370
4412, 9371
4413, 9372
4413, 9373
4413, 9374
4413, 9375
4413, 9376
4413, 9377
4413, 9378
4413, 9379
4413, 9380
4413, 9381
4414, 9382
4414, 9383
4414, 9384
4414, 9385
4414, 9386
4414, 9387
4414, 9388
4414, 9389
4414, 9390
4414, 9391
4415, 9392
4415, 9393
4415, 9394
4415, 9395
4415, 9396
4415, 9397
4415, 9398
4415, 9399
4415, 9400
4415, 9401
4416, 9402
4416, 9403
4416, 9404
4416, 9405
4416, 9406
4416, 9407
4416, 9408
4416, 9409
4416, 9410
4416, 9411
4417, 9412
4417, 9413
4417, 9414
4417, 9415
4417, 9416
4417, 9417
4417, 9418
4417, 9419
4417, 9420
4417, 9421
4418, 9422
4418, 9423
4418, 9424
4418, 9425
4418, 9426
4418, 9427
4418, 9428
4418, 9429
4418, 9430
4418, 9431
4419, 9432
4419, 9433
4419, 9434
4419, 9435
4419, 9436
4419, 9437
4419, 9438
4419, 9439
4419, 9440
4419, 9441
4420, 9442
4420, 9443
4420, 9444
4420, 9445
4420, 9446
4420, 9447
4420, 9448
4420, 9449
4420, 9450
4420, 9451
4421, 9452
4421, 9453
4421, 9454
4421, 9455
4421, 9456
4421, 9457
4421, 9458
4421, 9459
4421, 9460
4421, 9461
4422, 9462
4422, 9463
4422, 9464
4422, 9465
4422, 9466
4422, 9467
4422, 9468
4422, 9469
4422, 9470
4422, 9471
4423, 9472
4423, 9473
4423, 9474
4423, 9475
4423, 9476
4423, 9477
4423, 9478
4423, 9479
4423, 9480
4423, 9481
4424, 9482
4424, 9483
4424, 9484
4424, 9485
4424, 9486
4424, 9487
4424, 9488
4424, 9489
4424, 9490
4424, 9491
4425, 9492
4425, 9493
4425, 9494
4425, 9495
4425, 9496
4425, 9497
4425, 9498
4425, 9499
4425, 9500
4425, 9501
4426, 9502
4426, 9503
4426, 9504
4426, 9505
4426, 9506
4426, 9507
4426, 9508
4426, 9509
4426, 9510
4426, 9511
4427, 9512
4427, 9513
4427, 9514
4427, 9515
4427, 9516
4427, 9517
4427, 9518
4427, 9519
4427, 9520
4427, 9521
4428, 9522
4428, 9523
4428, 9524
4428, 9525
4428, 9526
4428, 9527
4428, 9528
4428, 9529
4428, 9530
4428, 9531
4429, 9532
4429, 9533
4429, 9534
4429, 9535
4429, 9536
4429, 9537
4429, 9538
4429, 9539
4429, 9540
4429, 9541
4430, 9542
4430, 9543
4430, 9544
4430, 9545
4430, 9546
4430, 9547
4430, 9548
4430, 9549
4430, 9550
4430, 9551
4431, 9552
4431, 9553
4431, 9554
4431, 9555
4431, 9556
4431, 9557
4431, 9558
4431, 9559
4431, 9560
4431, 9561
4432, 9562
4432, 9563
4432, 9564
4432, 9565
4432, 9566
4432, 9567
4432, 9568
4432, 9569
4432, 9570
4432, 9571
4433, 9572
4433, 9573
4433, 9574
4433, 9575
4433, 9576
4433, 9577
4433, 9578
4433, 9579
4433, 9580
4433, 9581
4434, 9582
4434, 9583
4434, 9584
4434, 9585
4434, 9586
4434, 9587
4434, 9588
4434, 9589
4434, 9590
4434, 9591
4435, 9592
4435, 9593
4435, 9594
4435, 9595
4435, 9596
4435, 9597
4435, 9598
4435, 9599
4435, 9600
4435, 9601
4436, 9602
4436, 9603
4436, 9604
4436, 9605
4436, 9606
4436, 9607
4436, 9608
4436, 9609
4436, 9610
4436, 9611
4437, 9612
4437, 9613
4437, 9614
4437, 9615
4437, 9616
4437, 9617
4437, 9618
4437, 9619
4437, 9620
4437, 9621
4438, 9622
4438, 9623
4438, 9624
4438, 9625
4438, 9626
4438, 9627
4438, 9628
4438, 9629
4438, 9630
4438, 9631
4439, 9632
4439, 9633
4439, 9634
4439, 9635
4439, 9636
4439, 9637
4439, 9638
4439, 9639
4439, 9640
4439, 9641
4440, 9642
4440, 9643
4440, 9644
4440, 9645
4440, 9646
4440, 9647
4440, 9648
4440, 9649
4440, 9650
4440, 9651
4441, 9652
4441, 9653
4441, 9654
4441, 9655
4441, 9656
4441, 9657
4441, 9658
4441, 9659
4441, 9660
4441, 9661
4442, 9662
4442, 9663
4442, 9664
4442, 9665
4442, 9666
4442, 9667
4442, 9668
4442, 9669
4442, 9670
4442, 9671
4443, 9672
4443, 9673
4443, 9674
4443, 9675
4443, 9676
4443, 9677
4443, 9678
4443, 9679
4443, 9680
4443, 9681
4444, 9682
4444, 9683
4444, 9684
4444, 9685
4444, 9686
4444, 9687
4444, 9688
4444, 9689
4444, 9690
4444, 9691
4445, 9692
4445, 9693
4445, 9694
4445, 9695
4445, 9696
4445, 9697
4445, 9698
4445, 9699
4445, 9700
4445, 9701
4446, 9702
4446, 9703
4446, 9704
4446, 9705
4446, 9706
4446, 9707
4446, 9708
4446, 9709
4446, 9710
4446, 9711
4447, 9712
4447, 9713
4447, 9714
4447, 9715
4447, 9716
4447, 9717
4447, 9718
4447, 9719
4447, 9720
4447, 9721
4448, 9722
4448, 9723
4448, 9724
4448, 9725
4448, 9726
4448, 9727
4448, 9728
4448, 9729
4448, 9730
4448, 9731
4449, 9732
4449, 9733
4449, 9734
4449, 9735
4449, 9736
4449, 9737
4449, 9738
4449, 9739
4449, 9740
4449, 9741
4450, 9742
4450, 9743
4450, 9744
4450, 9745
4450, 9746
4450, 9747
4450, 9748
4450, 9749
4450, 9750
4450, 9751
4451, 9752
4451, 9753
4451, 9754
4451, 9755
4451, 9756
4451, 9757
4451, 9758
4451, 9759
4451, 9760
4451, 9761
4452, 9762
4452, 9763
4452, 9764
4452, 9765
4452, 9766
4452, 9767
4452, 9768
4452, 9769
4452, 9770
4452, 9771
4453, 9772
4453, 9773
4453, 9774
4453, 9775
4453, 9776
4453, 9777
4453, 9778
4453, 9779
4453, 9780
4453, 9781
4454, 9782
4454, 9783
4454, 9784
4454, 9785
4454, 9786
4454, 9787
4454, 9788
4454, 9789
4454, 9790
4454, 9791
4455, 9792
4455, 9793
4455, 9794
4455, 9795
4455, 9796
4455, 9797
4455, 9798
4455, 9799
4455, 9800
4455, 9801
4456, 9802
4456, 9803
4456, 9804
4456, 9805
4456, 9806
4456, 9807
4456, 9808
4456, 9809
4456, 9810
4456, 9811
4457, 9812
4457, 9813
4457, 9814
4457, 9815
4457, 9816
4457, 9817
4457, 9818
4457, 9819
4457, 9820
4457, 9821
4458, 9822
4458, 9823
4458, 9824
4458, 9825
4458, 9826
4458, 9827
4458, 9828
4458, 9829
4458, 9830
4458, 9831
4459, 9832
4459, 9833
4459, 9834
4459, 9835
4459, 9836
4459, 9837
4459, 9838
4459, 9839
4459, 9840
4459, 9841
4460, 9842
4460, 9843
4460, 9844
4460, 9845
4460, 9846
4460, 9847
4460, 9848
4460, 9849
4460, 9850
4460, 9851
4461, 9852
4461, 9853
4461, 9854
4461, 9855
4461, 9856
4461, 9857
4461, 9858
4461, 9859
4461, 9860
4461, 9861
4462, 9862
4462, 9863
4462, 9864
4462, 9865
4462, 9866
4462, 9867
4462, 9868
4462, 9869
4462, 9870
4462, 9871
4463, 9872
4463, 9873
4463, 9874
4463, 9875
4463, 9876
4463, 9877
4463, 9878
4463, 9879
4463, 9880
4463, 9881
4464, 9882
4464, 9883
4464, 9884
4464, 9885
4464, 9886
4464, 9887
4464, 9888
4464, 9889
4464, 9890
4464, 9891
4465, 9892
4465, 9893
4465, 9894
4465, 9895
4465, 9896
4465, 9897
4465, 9898
4465, 9899
4465, 9900
4465, 9901
4466, 9902
4466, 9903
4466, 9904
4466, 9905
4466, 9906
4466, 9907
4466, 9908
4466, 9909
4466, 9910
4466, 9911
4467, 9912
4467, 9913
4467, 9914
4467, 9915
4467, 9916
4467, 9917
4467, 9918
4467, 9919
4467, 9920
4467, 9921
4468, 9922
4468, 9923
4468, 9924
4468, 9925
4468, 9926
4468, 9927
4468, 9928
4468, 9929
4468, 9930
4468, 9931
4469, 9932
4469, 9933
4469, 9934
4469, 9935
4469, 9936
4469, 9937
4469, 9938
4469, 9939
4469, 9940
4469, 9941
4470, 9942
4470, 9943
4470, 9944
4470, 9945
4470, 9946
4470, 9947
4470, 9948
4470, 9949
4470, 9950
4470, 9951
4471, 9952
4471, 9953
4471, 9954
4471, 9955
4471, 9956
4471, 9957
4471, 9958
4471, 9959
4471, 9960
4471, 9961
4472, 9962
4472, 9963
4472, 9964
4472, 9965
4472, 9966
4472, 9967
4472, 9968
4472, 9969
4472, 9970
4472, 9971
4473, 9972
4473, 9973
4473, 9974
4473, 9975
4473, 9976
4473, 9977
4473, 9978
4473, 9979
4473, 9980
4473, 9981
4474, 9982
4474, 9983
4474, 9984
4474, 9985
4474, 9986
4474, 9987
4474, 9988
4474, 9989
4474, 9990
4474, 9991
4475, 9992
4475, 9993
4475, 9994
4475, 9995
4475, 9996
4475, 9997
4475, 9998
4475, 9999
4475, 0
4475, 1
4476, 2
4476, 3
4476, 4
4476, 4
=============
